8937 0
8937 75
8937 586
8937 716
8937 2200
8938 1
8938 8
8938 19
8938 21
8938 39
8938 55
8938 59
8938 70
8938 108
8938 109
8938 120
8938 124
8938 126
8938 127
8938 176
8938 186
8938 200
8938 214
8938 221
8938 223
8938 229
8938 231
8938 233
8938 248
8938 258
8938 270
8938 273
8938 284
8938 336
8938 340
8938 342
8938 345
8938 352
8938 356
8938 363
8938 366
8938 375
8938 376
8938 381
8938 382
8938 383
8938 394
8938 405
8938 415
8938 416
8938 427
8938 532
8938 533
8938 552
8938 555
8938 557
8938 563
8938 593
8938 595
8938 599
8938 600
8938 617
8938 621
8938 625
8938 628
8938 629
8938 638
8938 644
8938 646
8938 671
8938 681
8938 701
8938 730
8938 749
8938 754
8938 757
8938 767
8938 771
8938 777
8938 788
8938 792
8938 796
8938 813
8938 872
8938 910
8938 913
8938 921
8938 985
8938 987
8938 988
8938 1017
8938 1031
8938 1050
8938 1051
8938 1052
8938 1061
8938 1063
8938 1074
8938 1092
8938 1093
8938 1118
8938 1124
8938 1126
8938 1134
8938 1136
8938 1139
8938 1141
8938 1144
8938 1145
8938 1151
8938 1155
8938 1159
8938 1187
8938 1188
8938 1191
8938 1193
8938 1196
8938 1197
8938 1199
8938 1207
8938 1210
8938 1238
8938 1242
8938 1243
8938 1244
8938 1249
8938 1258
8938 1261
8938 1355
8938 1373
8938 1382
8938 1384
8938 1401
8938 1403
8938 1404
8938 1457
8938 1459
8938 1466
8938 1470
8938 1471
8938 1473
8938 1488
8938 1490
8938 1491
8938 1492
8938 1532
8938 1538
8938 1544
8938 1546
8938 1547
8938 1556
8938 1585
8938 1600
8938 1603
8938 1612
8938 1613
8938 1618
8938 1632
8938 1633
8938 1646
8938 1651
8938 1661
8938 1667
8938 1675
8938 1676
8938 1677
8938 1679
8938 1681
8938 1683
8938 1684
8938 1685
8938 1690
8938 1691
8938 1699
8938 1702
8938 1703
8938 1705
8938 1710
8938 1712
8938 1713
8938 1716
8938 1719
8938 1725
8938 1726
8938 1727
8938 1729
8938 1730
8938 1731
8938 1732
8938 1737
8938 1741
8938 1764
8938 1766
8938 1767
8938 1778
8938 1781
8938 1786
8938 1788
8938 1790
8938 1796
8938 1798
8938 1801
8938 1817
8938 1818
8938 1823
8938 1826
8938 1830
8938 1831
8938 1840
8938 1845
8938 1849
8938 1852
8938 1853
8938 1854
8938 1855
8938 1859
8938 1864
8938 1865
8938 1866
8938 1867
8938 1868
8938 1876
8938 1880
8938 1883
8938 1884
8938 1886
8938 1887
8938 1888
8938 1910
8938 1943
8938 1973
8938 1980
8938 2096
8938 2097
8938 2185
8938 2197
8938 2283
8938 2344
8938 2347
8938 2350
8938 2351
8938 2352
8938 2355
8938 2357
8938 2360
8938 2364
8938 2367
8938 2369
8938 2370
8938 2371
8938 2377
8938 2378
8938 2379
8938 2380
8938 2381
8938 2388
8938 2389
8938 2393
8938 2398
8938 2475
8938 2481
8938 2497
8938 2507
8938 2512
8938 2513
8938 2526
8938 2531
8938 2533
8938 2535
8938 2579
8938 2581
8938 2591
8938 2595
8938 2597
8938 2611
8938 2614
8938 2621
8938 2630
8938 2633
8938 2635
8938 2640
8938 2651
8938 2652
8938 2654
8938 2685
8938 2693
8938 2710
8938 2713
8938 2730
8938 2740
8938 2746
8938 2747
8938 2763
8938 2766
8938 2812
8938 2813
8938 2815
8938 2833
8938 2837
8938 2843
8938 2844
8938 2926
8938 2939
8938 2953
8938 2964
8938 2977
8938 2992
8938 3002
8938 3009
8938 3015
8939 2
8939 3
8939 5
8939 7
8939 11
8939 15
8939 16
8939 17
8939 18
8939 22
8939 23
8939 25
8939 27
8939 28
8939 29
8939 30
8939 31
8939 33
8939 34
8939 36
8939 38
8939 40
8939 41
8939 42
8939 43
8939 44
8939 46
8939 47
8939 48
8939 49
8939 50
8939 51
8939 62
8939 66
8939 67
8939 68
8939 69
8939 71
8939 74
8939 76
8939 77
8939 82
8939 83
8939 84
8939 85
8939 86
8939 87
8939 89
8939 90
8939 91
8939 93
8939 94
8939 95
8939 97
8939 99
8939 100
8939 102
8939 104
8939 110
8939 111
8939 113
8939 114
8939 118
8939 119
8939 122
8939 123
8939 125
8939 178
8939 179
8939 181
8939 183
8939 184
8939 185
8939 188
8939 189
8939 191
8939 197
8939 199
8939 202
8939 203
8939 204
8939 205
8939 208
8939 210
8939 212
8939 215
8939 216
8939 218
8939 219
8939 220
8939 222
8939 225
8939 226
8939 234
8939 235
8939 236
8939 238
8939 239
8939 241
8939 242
8939 245
8939 246
8939 249
8939 254
8939 256
8939 260
8939 261
8939 263
8939 264
8939 266
8939 267
8939 268
8939 269
8939 271
8939 272
8939 274
8939 276
8939 280
8939 281
8939 283
8939 285
8939 287
8939 290
8939 291
8939 326
8939 329
8939 330
8939 332
8939 333
8939 335
8939 338
8939 339
8939 341
8939 344
8939 346
8939 348
8939 350
8939 351
8939 353
8939 355
8939 357
8939 358
8939 359
8939 360
8939 361
8939 365
8939 367
8939 369
8939 370
8939 372
8939 374
8939 377
8939 379
8939 380
8939 387
8939 391
8939 395
8939 397
8939 400
8939 401
8939 403
8939 404
8939 407
8939 408
8939 411
8939 412
8939 413
8939 418
8939 421
8939 422
8939 424
8939 426
8939 429
8939 432
8939 436
8939 438
8939 510
8939 512
8939 515
8939 516
8939 517
8939 520
8939 521
8939 523
8939 524
8939 525
8939 526
8939 531
8939 534
8939 536
8939 540
8939 542
8939 543
8939 544
8939 547
8939 549
8939 550
8939 551
8939 553
8939 554
8939 556
8939 559
8939 560
8939 561
8939 562
8939 564
8939 565
8939 566
8939 571
8939 572
8939 573
8939 574
8939 575
8939 576
8939 577
8939 578
8939 579
8939 580
8939 582
8939 583
8939 584
8939 585
8939 588
8939 589
8939 590
8939 596
8939 597
8939 601
8939 603
8939 604
8939 607
8939 608
8939 609
8939 611
8939 612
8939 614
8939 620
8939 622
8939 623
8939 624
8939 626
8939 630
8939 631
8939 635
8939 637
8939 639
8939 640
8939 642
8939 645
8939 648
8939 679
8939 685
8939 687
8939 690
8939 691
8939 693
8939 694
8939 695
8939 699
8939 703
8939 704
8939 705
8939 706
8939 707
8939 708
8939 710
8939 711
8939 713
8939 714
8939 715
8939 717
8939 718
8939 720
8939 721
8939 722
8939 725
8939 726
8939 727
8939 728
8939 729
8939 731
8939 734
8939 735
8939 737
8939 738
8939 740
8939 742
8939 743
8939 744
8939 745
8939 748
8939 750
8939 751
8939 755
8939 758
8939 760
8939 761
8939 765
8939 766
8939 768
8939 769
8939 772
8939 773
8939 774
8939 775
8939 780
8939 781
8939 784
8939 785
8939 789
8939 790
8939 791
8939 793
8939 794
8939 797
8939 804
8939 812
8939 814
8939 815
8939 816
8939 817
8939 819
8939 820
8939 821
8939 822
8939 823
8939 824
8939 826
8939 828
8939 829
8939 832
8939 833
8939 834
8939 836
8939 839
8939 840
8939 841
8939 844
8939 846
8939 847
8939 848
8939 849
8939 853
8939 854
8939 855
8939 858
8939 859
8939 860
8939 861
8939 862
8939 863
8939 864
8939 866
8939 867
8939 869
8939 870
8939 871
8939 873
8939 875
8939 876
8939 877
8939 878
8939 883
8939 884
8939 886
8939 887
8939 888
8939 889
8939 891
8939 892
8939 893
8939 894
8939 895
8939 896
8939 898
8939 899
8939 900
8939 902
8939 903
8939 904
8939 905
8939 906
8939 907
8939 908
8939 909
8939 911
8939 912
8939 914
8939 915
8939 916
8939 917
8939 918
8939 920
8939 922
8939 923
8939 924
8939 925
8939 926
8939 927
8939 928
8939 929
8939 930
8939 931
8939 932
8939 933
8939 934
8939 935
8939 936
8939 937
8939 938
8939 939
8939 940
8939 941
8939 942
8939 943
8939 944
8939 945
8939 946
8939 947
8939 948
8939 949
8939 950
8939 951
8939 952
8939 953
8939 954
8939 955
8939 956
8939 957
8939 958
8939 959
8939 960
8939 961
8939 962
8939 963
8939 964
8939 965
8939 966
8939 967
8939 968
8939 969
8939 970
8939 971
8939 972
8939 973
8939 974
8939 975
8939 976
8939 977
8939 978
8939 979
8939 980
8939 981
8939 982
8939 983
8939 984
8939 986
8939 989
8939 991
8939 992
8939 993
8939 994
8939 995
8939 996
8939 997
8939 998
8939 999
8939 1000
8939 1002
8939 1004
8939 1006
8939 1007
8939 1009
8939 1012
8939 1013
8939 1014
8939 1015
8939 1018
8939 1019
8939 1021
8939 1022
8939 1023
8939 1026
8939 1028
8939 1029
8939 1032
8939 1033
8939 1034
8939 1035
8939 1036
8939 1037
8939 1038
8939 1039
8939 1041
8939 1042
8939 1043
8939 1045
8939 1046
8939 1048
8939 1049
8939 1054
8939 1056
8939 1057
8939 1059
8939 1060
8939 1062
8939 1064
8939 1066
8939 1067
8939 1068
8939 1069
8939 1070
8939 1071
8939 1073
8939 1075
8939 1076
8939 1077
8939 1078
8939 1080
8939 1081
8939 1082
8939 1084
8939 1085
8939 1086
8939 1087
8939 1088
8939 1089
8939 1090
8939 1091
8939 1094
8939 1095
8939 1096
8939 1097
8939 1099
8939 1100
8939 1102
8939 1103
8939 1104
8939 1105
8939 1107
8939 1108
8939 1109
8939 1110
8939 1111
8939 1112
8939 1113
8939 1114
8939 1115
8939 1116
8939 1117
8939 1119
8939 1120
8939 1121
8939 1122
8939 1123
8939 1125
8939 1127
8939 1128
8939 1129
8939 1130
8939 1131
8939 1132
8939 1133
8939 1137
8939 1140
8939 1142
8939 1143
8939 1147
8939 1152
8939 1153
8939 1154
8939 1156
8939 1158
8939 1174
8939 1184
8939 1185
8939 1186
8939 1189
8939 1192
8939 1194
8939 1200
8939 1203
8939 1204
8939 1205
8939 1208
8939 1239
8939 1240
8939 1241
8939 1245
8939 1246
8939 1247
8939 1248
8939 1250
8939 1251
8939 1252
8939 1253
8939 1254
8939 1255
8939 1256
8939 1257
8939 1259
8939 1260
8939 1262
8939 1356
8939 1357
8939 1358
8939 1359
8939 1360
8939 1361
8939 1362
8939 1364
8939 1366
8939 1369
8939 1370
8939 1371
8939 1372
8939 1374
8939 1376
8939 1379
8939 1380
8939 1381
8939 1383
8939 1385
8939 1386
8939 1387
8939 1388
8939 1389
8939 1390
8939 1391
8939 1392
8939 1393
8939 1394
8939 1396
8939 1397
8939 1398
8939 1399
8939 1400
8939 1402
8939 1442
8939 1445
8939 1446
8939 1447
8939 1448
8939 1449
8939 1451
8939 1452
8939 1454
8939 1455
8939 1460
8939 1461
8939 1463
8939 1465
8939 1467
8939 1468
8939 1469
8939 1472
8939 1474
8939 1476
8939 1478
8939 1479
8939 1480
8939 1481
8939 1482
8939 1483
8939 1485
8939 1486
8939 1487
8939 1493
8939 1529
8939 1530
8939 1531
8939 1533
8939 1535
8939 1536
8939 1537
8939 1539
8939 1540
8939 1541
8939 1542
8939 1543
8939 1545
8939 1548
8939 1550
8939 1551
8939 1552
8939 1553
8939 1554
8939 1555
8939 1558
8939 1559
8939 1560
8939 1562
8939 1563
8939 1564
8939 1565
8939 1567
8939 1568
8939 1569
8939 1570
8939 1571
8939 1572
8939 1573
8939 1574
8939 1575
8939 1576
8939 1578
8939 1579
8939 1582
8939 1583
8939 1584
8939 1586
8939 1588
8939 1589
8939 1596
8939 1597
8939 1598
8939 1599
8939 1601
8939 1602
8939 1604
8939 1605
8939 1606
8939 1607
8939 1608
8939 1609
8939 1610
8939 1611
8939 1614
8939 1615
8939 1616
8939 1617
8939 1619
8939 1620
8939 1621
8939 1622
8939 1623
8939 1624
8939 1625
8939 1626
8939 1627
8939 1628
8939 1629
8939 1630
8939 1631
8939 1634
8939 1636
8939 1637
8939 1638
8939 1639
8939 1641
8939 1643
8939 1644
8939 1647
8939 1648
8939 1649
8939 1653
8939 1654
8939 1656
8939 1657
8939 1660
8939 1663
8939 1666
8939 1670
8939 1671
8939 1678
8939 1680
8939 1682
8939 1686
8939 1687
8939 1688
8939 1689
8939 1692
8939 1693
8939 1695
8939 1696
8939 1697
8939 1698
8939 1700
8939 1701
8939 1704
8939 1707
8939 1708
8939 1714
8939 1715
8939 1717
8939 1718
8939 1720
8939 1721
8939 1722
8939 1723
8939 1724
8939 1728
8939 1733
8939 1734
8939 1735
8939 1736
8939 1738
8939 1739
8939 1740
8939 1742
8939 1743
8939 1744
8939 1746
8939 1747
8939 1748
8939 1749
8939 1750
8939 1751
8939 1752
8939 1753
8939 1754
8939 1755
8939 1756
8939 1758
8939 1759
8939 1760
8939 1761
8939 1762
8939 1763
8939 1765
8939 1768
8939 1770
8939 1771
8939 1772
8939 1774
8939 1775
8939 1776
8939 1780
8939 1783
8939 1784
8939 1785
8939 1787
8939 1789
8939 1794
8939 1797
8939 1799
8939 1800
8939 1802
8939 1804
8939 1805
8939 1807
8939 1808
8939 1809
8939 1810
8939 1811
8939 1813
8939 1816
8939 1820
8939 1825
8939 1827
8939 1828
8939 1829
8939 1832
8939 1833
8939 1834
8939 1835
8939 1836
8939 1837
8939 1838
8939 1839
8939 1841
8939 1842
8939 1843
8939 1844
8939 1846
8939 1847
8939 1848
8939 1850
8939 1851
8939 1856
8939 1857
8939 1858
8939 1860
8939 1861
8939 1862
8939 1863
8939 1869
8939 1870
8939 1872
8939 1873
8939 1874
8939 1875
8939 1877
8939 1878
8939 1879
8939 1882
8939 1885
8939 1889
8939 1890
8939 1892
8939 1893
8939 1895
8939 1896
8939 1897
8939 1898
8939 1900
8939 1901
8939 1902
8939 1904
8939 1905
8939 1906
8939 1907
8939 1908
8939 1909
8939 1911
8939 1912
8939 1913
8939 1914
8939 1915
8939 1917
8939 1918
8939 1920
8939 1921
8939 1922
8939 1923
8939 1924
8939 1925
8939 1926
8939 1928
8939 1931
8939 1933
8939 1934
8939 1935
8939 1936
8939 1937
8939 1938
8939 1940
8939 1941
8939 1942
8939 1945
8939 1946
8939 2345
8939 2346
8939 2349
8939 2353
8939 2354
8939 2356
8939 2358
8939 2359
8939 2361
8939 2362
8939 2363
8939 2365
8939 2366
8939 2368
8939 2372
8939 2374
8939 2375
8939 2376
8939 2382
8939 2383
8939 2384
8939 2385
8939 2386
8939 2387
8939 2390
8939 2391
8939 2392
8939 2394
8939 2395
8939 2396
8939 2397
8939 2399
8939 2401
8939 2402
8939 2403
8939 2464
8939 2466
8939 2467
8939 2468
8939 2470
8939 2472
8939 2473
8939 2476
8939 2485
8939 2492
8939 2493
8939 2496
8939 2499
8939 2501
8939 2504
8939 2505
8939 2506
8939 2521
8939 2524
8939 2525
8939 2527
8939 2529
8939 2539
8939 2545
8939 2573
8939 2577
8939 2578
8939 2583
8939 2584
8939 2587
8939 2589
8939 2592
8939 2593
8939 2594
8939 2598
8939 2600
8939 2601
8939 2603
8939 2604
8939 2606
8939 2608
8939 2609
8939 2615
8939 2616
8939 2617
8939 2619
8939 2623
8939 2624
8939 2625
8939 2626
8939 2627
8939 2628
8939 2629
8939 2631
8939 2632
8939 2634
8939 2636
8939 2637
8939 2638
8939 2639
8939 2645
8939 2648
8939 2650
8939 2655
8939 2656
8939 2657
8939 2659
8939 2664
8939 2670
8939 2684
8939 2686
8939 2687
8939 2689
8939 2690
8939 2694
8939 2696
8939 2698
8939 2704
8939 2705
8939 2706
8939 2707
8939 2708
8939 2709
8939 2711
8939 2712
8939 2715
8939 2716
8939 2717
8939 2719
8939 2720
8939 2721
8939 2723
8939 2724
8939 2725
8939 2726
8939 2727
8939 2729
8939 2732
8939 2733
8939 2735
8939 2737
8939 2738
8939 2741
8939 2742
8939 2743
8939 2745
8939 2748
8939 2750
8939 2752
8939 2753
8939 2754
8939 2755
8939 2756
8939 2757
8939 2758
8939 2762
8939 2764
8939 2768
8939 2769
8939 2783
8939 2785
8939 2786
8939 2787
8939 2788
8939 2789
8939 2791
8939 2792
8939 2795
8939 2798
8939 2800
8939 2801
8939 2802
8939 2804
8939 2805
8939 2806
8939 2807
8939 2808
8939 2809
8939 2816
8939 2817
8939 2819
8939 2823
8939 2824
8939 2825
8939 2827
8939 2829
8939 2831
8939 2832
8939 2834
8939 2835
8939 2836
8939 2838
8939 2839
8939 2840
8939 2841
8939 2842
8939 2845
8939 2904
8939 2919
8939 2920
8939 2922
8939 2927
8939 2929
8939 2930
8939 2931
8939 2932
8939 2933
8939 2934
8939 2935
8939 2936
8939 2937
8939 2938
8939 2940
8939 2941
8939 2943
8939 2944
8939 2947
8939 2949
8939 2951
8939 2954
8939 2955
8939 2956
8939 2958
8939 2959
8939 2960
8939 2961
8939 2963
8939 2965
8939 2966
8939 2967
8939 2968
8939 2969
8939 2973
8939 2974
8939 2978
8939 2979
8939 2982
8939 2983
8939 2985
8939 2986
8939 2987
8939 2988
8939 2989
8939 2991
8939 2993
8939 2994
8939 2997
8939 2998
8939 2999
8939 3000
8939 3001
8939 3003
8939 3004
8939 3005
8939 3007
8939 3008
8939 3010
8939 3011
8939 3012
8939 3018
8939 3019
8939 3021
8939 3023
8939 3024
8940 4
8940 13
8940 26
8940 35
8940 45
8940 58
8940 61
8940 64
8940 78
8940 79
8940 103
8940 105
8940 175
8940 180
8940 187
8940 193
8940 195
8940 201
8940 224
8940 230
8940 232
8940 250
8940 251
8940 259
8940 277
8940 278
8940 289
8940 337
8940 343
8940 362
8940 371
8940 402
8940 409
8940 417
8940 419
8940 433
8940 434
8940 519
8940 530
8940 535
8940 537
8940 539
8940 545
8940 548
8940 613
8940 632
8940 634
8940 636
8940 641
8940 688
8940 697
8940 709
8940 712
8940 736
8940 753
8940 759
8940 762
8940 763
8940 764
8940 770
8940 776
8940 778
8940 786
8940 795
8940 1694
8940 1777
8940 1792
8940 1812
8940 2348
8940 2477
8940 2478
8940 2480
8940 2498
8940 2517
8940 2518
8940 2530
8940 2532
8940 2546
8940 2547
8940 2574
8940 2575
8940 2590
8940 2646
8940 2647
8940 2665
8940 2667
8940 2688
8940 2699
8940 2701
8940 2703
8940 2714
8940 2728
8940 2739
8940 2744
8940 2749
8940 2751
8940 2761
8940 2767
8940 2770
8940 2790
8940 2810
8940 2820
8940 2826
8940 2924
8940 2950
8940 2971
8940 2972
8940 2976
8940 2981
8940 2984
8940 3016
8940 3017
8941 6
8941 265
8941 1079
8941 1201
8941 2204
8941 2482
8941 2490
8941 2494
8941 2534
8941 2541
8941 2572
8941 2642
8941 2674
8942 9
8942 10
8942 52
8942 53
8942 54
8942 56
8942 57
8942 60
8942 88
8942 92
8942 112
8942 115
8942 192
8942 196
8942 213
8942 217
8942 227
8942 255
8942 257
8942 275
8942 288
8942 331
8942 347
8942 354
8942 378
8942 389
8942 390
8942 396
8942 399
8942 406
8942 420
8942 431
8942 435
8942 513
8942 514
8942 522
8942 528
8942 538
8942 541
8942 558
8942 567
8942 568
8942 581
8942 598
8942 606
8942 610
8942 619
8942 684
8942 686
8942 692
8942 696
8942 698
8942 719
8942 741
8942 747
8942 756
8942 779
8942 787
8942 798
8942 799
8942 831
8942 856
8942 865
8942 868
8942 897
8942 1149
8942 1464
8942 2483
8942 2487
8942 2502
8942 2503
8942 2536
8942 2538
8942 2542
8942 2586
8942 2602
8942 2612
8942 2613
8942 2620
8942 2622
8942 2641
8942 2644
8942 2691
8942 2695
8942 2700
8942 2702
8942 2718
8942 2731
8942 2734
8942 2760
8942 2765
8942 2818
8942 2821
8942 2828
8942 2853
8942 2867
8942 2918
8942 2921
8942 2923
8942 2928
8942 2942
8942 2948
8942 2957
8942 2962
8942 2970
8942 2975
8942 2990
8942 2996
8942 3006
8942 3013
8942 3020
8942 3022
8943 12
8943 81
8943 101
8943 106
8943 117
8943 121
8943 171
8943 190
8943 244
8943 262
8943 279
8943 282
8943 334
8943 388
8943 428
8943 527
8943 602
8943 615
8943 616
8943 618
8943 643
8943 682
8943 1024
8943 1040
8943 1058
8943 1165
8943 1218
8943 1363
8943 1375
8943 1377
8943 1395
8943 1438
8943 1484
8943 1580
8943 1594
8943 1595
8943 1640
8943 1642
8943 1650
8943 1664
8943 1669
8943 1806
8943 1815
8943 1871
8943 1894
8943 1903
8943 1927
8943 2022
8943 2471
8943 2544
8943 2847
8944 14
8944 650
8944 733
8944 1577
8944 1944
8944 2486
8944 2576
8945 20
8945 605
8945 879
8945 1138
8945 1150
8945 1157
8945 1168
8945 1773
8945 1782
8945 1791
8945 1814
8945 1819
8945 1822
8946 24
8946 63
8946 65
8946 73
8946 107
8946 116
8946 134
8946 138
8946 177
8946 237
8946 247
8946 252
8946 385
8946 392
8946 393
8946 423
8946 425
8946 430
8946 494
8946 587
8946 680
8946 724
8946 919
8946 1083
8946 1160
8946 1195
8946 1198
8946 1224
8946 1475
8946 1795
8946 2019
8946 2463
8946 2479
8946 2495
8946 2509
8946 2522
8946 2571
8946 2582
8946 2596
8946 2599
8946 2610
8946 2618
8946 2649
8946 2675
8946 2736
8946 2784
8946 2793
8946 2799
8946 2803
8946 2830
8946 2855
8946 2946
8946 2980
8946 2995
8947 32
8947 146
8947 194
8947 198
8947 209
8947 364
8947 368
8947 384
8947 437
8947 518
8947 529
8947 591
8947 592
8947 739
8947 782
8947 783
8947 881
8947 882
8947 901
8947 1005
8947 1027
8947 1065
8947 1232
8947 1318
8947 1557
8947 1635
8947 1779
8947 1803
8947 1988
8947 2048
8947 2305
8947 2306
8947 2311
8947 2329
8947 2440
8947 2543
8947 2580
8947 2658
8947 2697
8947 2797
8947 2906
8947 2952
8948 37
8948 732
8948 802
8948 825
8948 1001
8948 1190
8948 1325
8948 1456
8948 2469
8948 2585
8948 2660
8949 72
8949 240
8949 327
8949 328
8949 386
8949 410
8949 511
8949 546
8949 700
8949 752
8949 1326
8949 1365
8949 1367
8949 1368
8949 1450
8949 1891
8949 2013
8949 2759
8949 2925
8950 80
8951 96
8951 98
8951 702
8951 1030
8951 1053
8951 1101
8951 1146
8951 1443
8951 1591
8951 1592
8951 1662
8951 1929
8951 2414
8951 2459
8951 2488
8951 2520
8951 2811
8952 128
8952 130
8952 131
8952 132
8952 133
8952 135
8952 136
8952 137
8952 140
8952 141
8952 142
8952 143
8952 144
8952 145
8952 147
8952 148
8952 149
8952 150
8952 152
8952 153
8952 154
8952 155
8952 156
8952 157
8952 158
8952 159
8952 160
8952 161
8952 162
8952 163
8952 164
8952 165
8952 166
8952 167
8952 169
8952 170
8952 172
8952 173
8952 174
8952 253
8952 292
8952 293
8952 294
8952 295
8952 296
8952 297
8952 298
8952 299
8952 300
8952 301
8952 302
8952 303
8952 304
8952 305
8952 306
8952 307
8952 308
8952 310
8952 311
8952 313
8952 314
8952 315
8952 316
8952 317
8952 318
8952 319
8952 320
8952 321
8952 322
8952 323
8952 324
8952 325
8952 439
8952 440
8952 441
8952 442
8952 443
8952 444
8952 445
8952 446
8952 447
8952 449
8952 450
8952 451
8952 452
8952 454
8952 455
8952 456
8952 457
8952 458
8952 459
8952 461
8952 462
8952 463
8952 464
8952 465
8952 466
8952 467
8952 468
8952 469
8952 470
8952 471
8952 472
8952 473
8952 474
8952 475
8952 476
8952 478
8952 479
8952 480
8952 481
8952 482
8952 483
8952 484
8952 485
8952 487
8952 488
8952 489
8952 490
8952 491
8952 492
8952 493
8952 495
8952 496
8952 498
8952 499
8952 500
8952 501
8952 502
8952 503
8952 504
8952 505
8952 506
8952 507
8952 508
8952 509
8952 594
8952 633
8952 649
8952 651
8952 652
8952 653
8952 654
8952 655
8952 656
8952 657
8952 658
8952 659
8952 660
8952 661
8952 662
8952 663
8952 664
8952 665
8952 666
8952 668
8952 669
8952 670
8952 673
8952 674
8952 675
8952 676
8952 677
8952 678
8952 689
8952 850
8952 990
8952 1106
8952 1161
8952 1162
8952 1166
8952 1167
8952 1169
8952 1170
8952 1171
8952 1172
8952 1173
8952 1175
8952 1176
8952 1177
8952 1178
8952 1179
8952 1180
8952 1181
8952 1182
8952 1183
8952 1209
8952 1213
8952 1214
8952 1215
8952 1216
8952 1217
8952 1219
8952 1221
8952 1222
8952 1223
8952 1225
8952 1226
8952 1228
8952 1229
8952 1230
8952 1231
8952 1233
8952 1234
8952 1235
8952 1236
8952 1237
8952 1263
8952 1264
8952 1265
8952 1266
8952 1267
8952 1268
8952 1269
8952 1270
8952 1271
8952 1272
8952 1273
8952 1274
8952 1275
8952 1276
8952 1277
8952 1278
8952 1279
8952 1280
8952 1281
8952 1282
8952 1283
8952 1284
8952 1285
8952 1286
8952 1288
8952 1289
8952 1290
8952 1291
8952 1292
8952 1293
8952 1294
8952 1295
8952 1296
8952 1297
8952 1298
8952 1299
8952 1300
8952 1301
8952 1302
8952 1303
8952 1304
8952 1305
8952 1306
8952 1307
8952 1308
8952 1309
8952 1310
8952 1311
8952 1313
8952 1314
8952 1315
8952 1316
8952 1317
8952 1319
8952 1320
8952 1321
8952 1323
8952 1324
8952 1327
8952 1328
8952 1329
8952 1330
8952 1331
8952 1332
8952 1333
8952 1334
8952 1335
8952 1336
8952 1337
8952 1338
8952 1339
8952 1340
8952 1341
8952 1342
8952 1343
8952 1344
8952 1345
8952 1346
8952 1347
8952 1348
8952 1349
8952 1350
8952 1351
8952 1352
8952 1353
8952 1354
8952 1405
8952 1406
8952 1407
8952 1410
8952 1413
8952 1416
8952 1417
8952 1418
8952 1419
8952 1420
8952 1421
8952 1422
8952 1423
8952 1424
8952 1425
8952 1427
8952 1428
8952 1429
8952 1430
8952 1431
8952 1432
8952 1433
8952 1434
8952 1435
8952 1436
8952 1437
8952 1439
8952 1440
8952 1477
8952 1494
8952 1495
8952 1498
8952 1499
8952 1501
8952 1502
8952 1503
8952 1504
8952 1505
8952 1506
8952 1507
8952 1508
8952 1509
8952 1510
8952 1511
8952 1512
8952 1513
8952 1514
8952 1515
8952 1516
8952 1517
8952 1518
8952 1519
8952 1520
8952 1521
8952 1522
8952 1523
8952 1524
8952 1525
8952 1527
8952 1528
8952 1561
8952 1590
8952 1593
8952 1652
8952 1674
8952 1706
8952 1711
8952 1769
8952 1793
8952 1821
8952 1947
8952 1949
8952 1950
8952 1951
8952 1952
8952 1953
8952 1954
8952 1955
8952 1956
8952 1958
8952 1959
8952 1960
8952 1961
8952 1962
8952 1963
8952 1964
8952 1966
8952 1967
8952 1968
8952 1969
8952 1974
8952 1975
8952 1976
8952 1977
8952 1978
8952 1979
8952 1982
8952 1983
8952 1984
8952 1985
8952 1986
8952 1987
8952 1989
8952 1990
8952 1991
8952 1994
8952 1995
8952 1996
8952 1997
8952 2002
8952 2003
8952 2004
8952 2005
8952 2006
8952 2007
8952 2008
8952 2010
8952 2011
8952 2012
8952 2014
8952 2015
8952 2016
8952 2017
8952 2018
8952 2020
8952 2021
8952 2024
8952 2025
8952 2027
8952 2028
8952 2029
8952 2030
8952 2031
8952 2032
8952 2033
8952 2034
8952 2035
8952 2036
8952 2037
8952 2038
8952 2040
8952 2043
8952 2044
8952 2045
8952 2046
8952 2047
8952 2049
8952 2050
8952 2052
8952 2053
8952 2055
8952 2056
8952 2057
8952 2058
8952 2059
8952 2060
8952 2061
8952 2062
8952 2063
8952 2064
8952 2065
8952 2066
8952 2067
8952 2068
8952 2069
8952 2070
8952 2071
8952 2072
8952 2073
8952 2074
8952 2076
8952 2077
8952 2078
8952 2079
8952 2080
8952 2081
8952 2082
8952 2083
8952 2084
8952 2085
8952 2087
8952 2088
8952 2089
8952 2090
8952 2091
8952 2092
8952 2093
8952 2094
8952 2099
8952 2100
8952 2102
8952 2103
8952 2104
8952 2105
8952 2106
8952 2107
8952 2108
8952 2109
8952 2110
8952 2111
8952 2112
8952 2113
8952 2114
8952 2115
8952 2116
8952 2117
8952 2118
8952 2119
8952 2120
8952 2121
8952 2122
8952 2123
8952 2124
8952 2125
8952 2127
8952 2128
8952 2130
8952 2131
8952 2132
8952 2133
8952 2134
8952 2135
8952 2136
8952 2137
8952 2138
8952 2139
8952 2140
8952 2141
8952 2142
8952 2143
8952 2144
8952 2145
8952 2146
8952 2147
8952 2148
8952 2149
8952 2150
8952 2151
8952 2152
8952 2153
8952 2154
8952 2155
8952 2157
8952 2158
8952 2160
8952 2161
8952 2162
8952 2163
8952 2164
8952 2165
8952 2167
8952 2168
8952 2169
8952 2170
8952 2171
8952 2172
8952 2173
8952 2174
8952 2175
8952 2178
8952 2179
8952 2180
8952 2181
8952 2182
8952 2183
8952 2184
8952 2187
8952 2188
8952 2189
8952 2190
8952 2191
8952 2192
8952 2193
8952 2194
8952 2195
8952 2198
8952 2199
8952 2201
8952 2202
8952 2203
8952 2205
8952 2206
8952 2207
8952 2208
8952 2209
8952 2210
8952 2211
8952 2212
8952 2213
8952 2215
8952 2216
8952 2217
8952 2218
8952 2219
8952 2220
8952 2221
8952 2222
8952 2224
8952 2225
8952 2226
8952 2227
8952 2228
8952 2229
8952 2230
8952 2231
8952 2233
8952 2234
8952 2235
8952 2238
8952 2239
8952 2240
8952 2241
8952 2244
8952 2245
8952 2246
8952 2248
8952 2249
8952 2251
8952 2253
8952 2254
8952 2255
8952 2257
8952 2258
8952 2259
8952 2260
8952 2261
8952 2262
8952 2264
8952 2265
8952 2267
8952 2268
8952 2269
8952 2270
8952 2271
8952 2272
8952 2273
8952 2275
8952 2277
8952 2279
8952 2281
8952 2282
8952 2284
8952 2286
8952 2287
8952 2289
8952 2290
8952 2291
8952 2292
8952 2293
8952 2294
8952 2295
8952 2296
8952 2297
8952 2299
8952 2300
8952 2301
8952 2302
8952 2303
8952 2304
8952 2307
8952 2308
8952 2309
8952 2312
8952 2313
8952 2314
8952 2315
8952 2316
8952 2317
8952 2318
8952 2320
8952 2322
8952 2323
8952 2324
8952 2325
8952 2327
8952 2328
8952 2330
8952 2331
8952 2334
8952 2337
8952 2338
8952 2341
8952 2342
8952 2343
8952 2404
8952 2405
8952 2406
8952 2408
8952 2409
8952 2410
8952 2411
8952 2412
8952 2413
8952 2415
8952 2416
8952 2417
8952 2418
8952 2421
8952 2422
8952 2423
8952 2424
8952 2426
8952 2427
8952 2428
8952 2429
8952 2430
8952 2431
8952 2432
8952 2433
8952 2434
8952 2435
8952 2438
8952 2439
8952 2442
8952 2444
8952 2445
8952 2446
8952 2447
8952 2448
8952 2449
8952 2451
8952 2452
8952 2453
8952 2454
8952 2455
8952 2456
8952 2458
8952 2461
8952 2462
8952 2500
8952 2550
8952 2552
8952 2553
8952 2554
8952 2556
8952 2557
8952 2558
8952 2559
8952 2561
8952 2565
8952 2566
8952 2569
8952 2672
8952 2673
8952 2677
8952 2680
8952 2681
8952 2682
8952 2771
8952 2772
8952 2773
8952 2774
8952 2775
8952 2776
8952 2777
8952 2778
8952 2779
8952 2780
8952 2781
8952 2782
8952 2846
8952 2849
8952 2850
8952 2854
8952 2856
8952 2857
8952 2858
8952 2859
8952 2860
8952 2861
8952 2862
8952 2863
8952 2864
8952 2865
8952 2868
8952 2869
8952 2870
8952 2871
8952 2872
8952 2873
8952 2875
8952 2876
8952 2877
8952 2878
8952 2879
8952 2880
8952 2881
8952 2882
8952 2883
8952 2884
8952 2885
8952 2886
8952 2887
8952 2888
8952 2889
8952 2890
8952 2891
8952 2892
8952 2893
8952 2894
8952 2895
8952 2898
8952 2899
8952 2900
8952 2901
8952 2902
8952 2903
8952 2905
8952 2907
8952 2908
8952 2909
8952 2910
8952 2914
8952 2915
8952 2916
8953 129
8953 647
8953 672
8953 851
8953 1003
8953 1010
8953 1011
8953 1312
8953 1453
8953 1745
8953 2001
8953 2009
8953 2039
8953 2086
8953 2223
8953 2266
8953 2278
8953 2285
8953 2288
8953 2336
8953 2373
8953 2436
8953 2676
8953 2678
8953 2848
8953 2852
8953 2874
8953 2912
8953 2945
8954 139
8954 168
8954 309
8954 448
8954 453
8954 460
8954 477
8954 486
8954 497
8954 683
8954 1163
8954 1164
8954 1220
8954 1227
8954 1287
8954 1322
8954 1408
8954 1409
8954 1411
8954 1412
8954 1414
8954 1415
8954 1441
8954 1489
8954 1496
8954 1497
8954 1526
8954 1970
8954 2098
8954 2101
8954 2126
8954 2129
8954 2159
8954 2186
8954 2196
8954 2319
8954 2321
8954 2326
8954 2333
8954 2335
8954 2340
8954 2420
8954 2457
8954 2555
8954 2560
8954 2562
8954 2563
8954 2896
8955 151
8955 228
8955 398
8955 569
8955 723
8955 852
8955 2041
8955 2042
8955 2540
8955 2663
8956 182
8956 243
8956 2605
8956 2683
8957 206
8957 373
8957 1426
8957 1757
8957 2166
8957 2515
8957 2643
8957 2692
8958 207
8958 349
8959 211
8959 1055
8960 286
8960 805
8960 1016
8960 1072
8960 1458
8960 1462
8960 1645
8960 1655
8960 1665
8960 1899
8960 1916
8960 2026
8960 2095
8960 2276
8960 2280
8960 2419
8960 2508
8960 2653
8960 2662
8960 2679
8960 2722
8961 312
8961 1098
8961 1148
8961 1948
8961 1981
8961 1993
8962 414
8962 1020
8962 1047
8962 1135
8962 2510
8962 2548
8962 2564
8963 570
8963 842
8963 1534
8963 2310
8963 2332
8963 2514
8963 2519
8963 2523
8963 2528
8963 2814
8963 2822
8964 627
8964 1212
8964 1824
8964 2567
8964 2661
8964 2668
8964 2671
8965 667
8965 843
8965 1025
8965 1500
8965 1957
8965 1971
8965 1972
8965 1998
8965 1999
8965 2000
8965 2252
8965 2339
8965 2450
8965 2669
8966 746
8966 2897
8967 800
8967 801
8967 803
8967 818
8967 838
8967 857
8967 1444
8967 1587
8967 1932
8967 2274
8967 2437
8967 2460
8968 806
8968 807
8968 1202
8969 808
8969 1881
8969 1992
8969 2214
8969 2400
8969 2425
8969 2441
8969 2443
8970 809
8970 845
8970 885
8970 1668
8970 1965
8971 810
8971 811
8971 2054
8971 2075
8971 2156
8971 2236
8971 2237
8971 2242
8971 2243
8971 2247
8971 2256
8971 2263
8971 2407
8971 2549
8971 2551
8971 2568
8971 2570
8971 2866
8971 2911
8971 2913
8971 2917
8972 827
8972 874
8972 1044
8973 830
8973 890
8973 1919
8974 835
8975 837
8976 880
8976 2474
8976 2516
8977 1008
8977 1930
8977 1939
8978 1206
8979 1211
8979 2588
8979 2796
8980 1378
8980 1566
8980 1658
8980 1672
8980 2177
8981 1549
8981 2794
8982 1581
8983 1659
8983 2023
8983 2298
8984 1673
8984 1709
8985 2051
8986 2176
8987 2232
8988 2250
8989 2465
8989 2484
8989 2491
8989 2511
8989 2537
8990 2489
8990 2851
8991 2607
8992 2666
8993 3014
