0 3025
0 3026
0 3027
1 3028
1 3029
1 3030
1 3031
2 3032
2 3033
2 3034
3 3035
3 3036
4 3037
4 3038
5 3029
5 3031
5 3039
5 3040
6 3041
6 3042
6 3043
7 3044
7 3045
8 3026
8 3046
8 3047
9 3048
9 3049
9 3050
9 3051
10 3052
10 3053
10 3054
11 3055
11 3056
11 3057
11 3058
11 3059
11 3060
12 3061
12 3062
12 3063
13 3064
13 3065
14 3066
14 3067
15 3068
15 3069
15 3070
16 3071
17 3072
17 3073
17 3074
17 3075
17 3076
18 3077
18 3078
18 3079
19 3080
19 3081
19 3082
20 3026
20 3083
20 3084
21 3085
21 3086
22 3087
22 3088
22 3089
23 3090
23 3091
24 3092
24 3093
25 3094
25 3095
25 3096
25 3097
25 3098
25 3099
25 3100
25 3101
26 3093
26 3102
27 3103
27 3104
27 3105
28 3106
28 3107
28 3108
28 3109
29 3110
29 3111
29 3112
30 3113
30 3114
30 3115
31 3096
31 3098
31 3100
31 3116
32 3117
32 3118
32 3119
33 3120
33 3121
33 3122
33 3123
33 3124
34 3125
34 3126
34 3127
35 3128
35 3129
35 3130
36 3131
36 3132
36 3133
36 3134
37 3135
37 3136
37 3137
37 3138
38 3139
38 3140
38 3141
39 3142
39 3143
39 3144
40 3145
40 3146
40 3147
41 3148
41 3149
41 3150
41 3151
42 3055
42 3057
42 3152
42 3153
43 3098
43 3154
43 3155
43 3156
43 3157
44 3158
44 3159
44 3160
44 3161
45 3162
45 3163
45 3164
45 3165
45 3166
46 3140
46 3167
47 3168
48 3074
48 3169
48 3170
49 3171
49 3172
49 3173
50 3174
50 3175
50 3176
51 3026
51 3177
51 3178
51 3179
52 3106
52 3180
52 3181
52 3182
52 3183
53 3184
53 3185
54 3186
54 3187
54 3188
54 3189
54 3190
55 3191
55 3192
55 3193
55 3194
56 3195
56 3196
57 3197
57 3198
58 3106
58 3199
58 3200
59 3201
59 3202
60 3203
60 3204
60 3205
60 3206
61 3207
61 3208
62 3209
62 3210
62 3211
63 3212
63 3213
63 3214
63 3215
63 3216
63 3217
64 3218
64 3219
64 3220
65 3221
65 3222
65 3223
66 3106
66 3224
66 3225
66 3226
66 3227
66 3228
67 3094
67 3229
67 3230
67 3231
67 3232
68 3233
68 3234
68 3235
69 3236
69 3237
70 3238
70 3239
70 3240
70 3241
71 3124
71 3242
71 3243
72 3244
72 3245
73 3246
73 3247
73 3248
73 3249
74 3055
74 3057
74 3250
75 3153
75 3251
75 3252
75 3253
76 3097
76 3106
76 3109
76 3254
76 3255
77 3256
77 3257
77 3258
78 3259
78 3260
79 3261
79 3262
80 3126
80 3263
80 3264
80 3265
81 3266
81 3267
81 3268
82 3269
82 3270
82 3271
83 3272
83 3273
83 3274
83 3275
84 3158
84 3161
84 3276
84 3277
85 3097
85 3278
85 3279
85 3280
86 3281
86 3282
86 3283
86 3284
87 3285
87 3286
87 3287
87 3288
88 3289
88 3290
89 3131
89 3291
89 3292
90 3293
90 3294
90 3295
91 3296
91 3297
91 3298
92 3299
92 3300
92 3301
93 3055
93 3253
93 3302
93 3303
93 3304
94 3271
94 3305
95 3120
95 3124
95 3306
95 3307
95 3308
96 3309
96 3310
96 3311
97 3154
97 3312
97 3313
97 3314
97 3315
97 3316
97 3317
98 3318
98 3319
99 3320
99 3321
99 3322
100 3323
100 3324
100 3325
100 3326
100 3327
101 3034
101 3328
102 3329
102 3330
103 3331
103 3332
104 3333
104 3334
104 3335
105 3336
105 3337
105 3338
106 3339
106 3340
106 3341
106 3342
106 3343
106 3344
107 3345
107 3346
107 3347
107 3348
107 3349
108 3350
108 3351
109 3352
110 3353
110 3354
110 3355
110 3356
110 3357
110 3358
111 3359
111 3360
111 3361
112 3362
112 3363
113 3364
113 3365
113 3366
113 3367
114 3055
114 3253
114 3302
114 3368
114 3369
114 3370
114 3371
114 3372
114 3373
114 3374
114 3375
115 3152
115 3376
115 3377
115 3378
115 3379
115 3380
115 3381
116 3338
116 3382
116 3383
116 3384
116 3385
117 3386
117 3387
117 3388
117 3389
118 3390
118 3391
118 3392
118 3393
118 3394
118 3395
119 3071
120 3396
120 3397
120 3398
121 3034
121 3328
122 3154
122 3399
123 3400
123 3401
123 3402
123 3403
124 3404
124 3405
124 3406
124 3407
124 3408
124 3409
125 3410
125 3411
125 3412
125 3413
125 3414
126 3350
126 3351
126 3415
127 3416
127 3417
127 3418
127 3419
128 3420
128 3421
128 3422
128 3423
129 3424
129 3425
129 3426
129 3427
129 3428
130 3429
130 3430
130 3431
130 3432
131 3433
132 3434
132 3435
133 3436
133 3437
133 3438
133 3439
133 3440
133 3441
134 3442
134 3443
135 3444
135 3445
135 3446
135 3447
136 3448
136 3449
136 3450
137 3451
137 3452
138 3453
138 3454
138 3455
139 3456
139 3457
139 3458
139 3459
139 3460
140 3461
140 3462
140 3463
140 3464
141 3465
141 3466
141 3467
142 3468
142 3469
142 3470
143 3430
143 3432
143 3471
144 3472
145 3473
145 3474
145 3475
146 3476
146 3477
146 3478
147 3479
147 3480
148 3470
148 3481
148 3482
149 3483
149 3484
149 3485
149 3486
150 3487
150 3488
150 3489
151 3490
151 3491
152 3492
152 3493
152 3494
152 3495
152 3496
153 3497
153 3498
153 3499
154 3473
154 3475
154 3500
155 3501
155 3502
155 3503
156 3504
156 3505
156 3506
156 3507
157 3508
157 3509
158 3489
158 3510
158 3511
159 3512
159 3513
160 3514
160 3515
160 3516
161 3517
161 3518
161 3519
162 3489
162 3520
162 3521
162 3522
163 3523
164 3524
164 3525
164 3526
164 3527
164 3528
165 3529
165 3530
165 3531
166 3532
166 3533
166 3534
166 3535
167 3470
167 3536
167 3537
168 3538
168 3539
168 3540
169 3457
169 3458
169 3459
169 3541
170 3542
170 3543
170 3544
171 3545
171 3546
171 3547
171 3548
171 3549
172 3543
172 3550
172 3551
173 3454
173 3455
173 3552
174 3553
174 3554
174 3555
174 3556
175 3171
175 3172
175 3557
175 3558
175 3559
176 3048
176 3560
176 3561
177 3562
177 3563
177 3564
177 3565
177 3566
178 3097
178 3236
178 3567
178 3568
178 3569
179 3074
179 3076
179 3178
179 3570
180 3261
180 3571
180 3572
181 3106
181 3557
181 3573
181 3574
182 3044
182 3045
183 3364
183 3575
183 3576
184 3391
184 3393
184 3577
185 3578
185 3579
185 3580
185 3581
186 3085
186 3086
187 3131
187 3132
187 3582
187 3583
188 3097
188 3100
188 3584
189 3100
189 3585
190 3102
191 3031
191 3117
191 3586
191 3587
192 3588
192 3589
192 3590
192 3591
192 3592
193 3061
193 3593
193 3594
194 3595
194 3596
194 3597
195 3213
195 3216
195 3598
196 3289
197 3599
197 3600
197 3601
198 3602
198 3603
199 3168
199 3604
199 3605
200 3026
200 3047
200 3177
201 3606
201 3607
201 3608
202 3609
202 3610
202 3611
203 3612
203 3613
203 3614
204 3615
204 3616
204 3617
204 3618
205 3619
205 3620
206 3097
206 3621
206 3622
206 3623
207 3041
207 3042
207 3624
208 3098
208 3099
208 3191
208 3192
208 3625
209 3140
209 3586
209 3587
210 3150
210 3151
210 3626
211 3376
211 3377
212 3106
212 3255
212 3627
213 3153
213 3251
213 3253
214 3628
214 3629
214 3630
215 3106
215 3109
216 3278
216 3631
217 3632
217 3633
218 3634
219 3094
219 3098
219 3099
219 3625
220 3055
220 3635
221 3152
221 3172
221 3636
221 3637
221 3638
222 3639
222 3640
223 3641
223 3642
223 3643
223 3644
224 3416
224 3643
224 3645
224 3646
224 3647
225 3195
225 3648
225 3649
226 3154
226 3650
226 3651
227 3652
227 3653
228 3654
228 3655
229 3032
229 3037
229 3656
230 3207
230 3657
230 3658
231 3659
231 3660
231 3661
231 3662
232 3203
232 3663
233 3026
233 3046
233 3177
234 3031
234 3117
234 3664
234 3665
235 3666
235 3667
236 3146
236 3668
236 3669
237 3670
237 3671
237 3672
238 3577
239 3673
239 3674
240 3114
240 3675
241 3676
241 3677
241 3678
241 3679
242 3026
242 3177
242 3680
243 3587
243 3681
243 3682
244 3278
244 3683
244 3684
245 3106
245 3685
246 3298
246 3686
246 3687
246 3688
246 3689
247 3690
247 3691
248 3191
248 3192
249 3336
249 3692
249 3693
250 3694
251 3695
251 3696
251 3697
252 3213
252 3698
252 3699
253 3700
253 3701
253 3702
253 3703
254 3106
254 3206
254 3573
254 3704
254 3705
255 3197
255 3706
255 3707
255 3708
255 3709
256 3400
256 3401
256 3710
256 3711
257 3142
257 3144
257 3712
258 3192
258 3713
258 3714
259 3715
259 3716
259 3717
260 3364
260 3718
261 3097
261 3154
261 3719
261 3720
261 3721
262 3197
262 3722
263 3236
263 3723
264 3278
264 3280
264 3724
264 3725
265 3061
265 3726
265 3727
265 3728
266 3247
266 3729
267 3098
267 3191
267 3625
267 3714
268 3269
268 3270
268 3271
269 3154
269 3280
269 3298
269 3730
269 3731
269 3732
270 3733
270 3734
270 3735
271 3736
271 3737
271 3738
271 3739
272 3579
272 3581
272 3740
273 3741
273 3742
273 3743
273 3744
274 3745
274 3746
274 3747
274 3748
275 3749
275 3750
275 3751
276 3676
276 3752
276 3753
277 3376
277 3379
277 3754
277 3755
277 3756
277 3757
277 3758
278 3759
278 3760
278 3761
278 3762
278 3763
278 3764
278 3765
278 3766
279 3102
279 3767
279 3768
280 3769
280 3770
281 3097
281 3098
281 3771
281 3772
282 3694
282 3773
282 3774
283 3615
283 3616
283 3617
283 3618
284 3775
284 3776
285 3207
285 3777
285 3778
285 3779
285 3780
285 3781
285 3782
285 3783
286 3341
286 3343
286 3784
287 3785
287 3786
287 3787
287 3788
288 3184
288 3235
288 3789
288 3790
289 3774
289 3791
289 3792
289 3793
289 3794
290 3795
290 3796
291 3797
291 3798
292 3799
292 3800
292 3801
293 3480
293 3802
293 3803
294 3526
294 3804
294 3805
295 3806
295 3807
296 3501
296 3503
296 3808
296 3809
296 3810
297 3811
297 3812
297 3813
297 3814
298 3815
298 3816
298 3817
299 3542
299 3543
299 3818
300 3819
300 3820
300 3821
301 3521
301 3822
301 3823
301 3824
301 3825
301 3826
301 3827
302 3516
302 3828
302 3829
303 3830
303 3831
303 3832
304 3462
304 3464
304 3833
304 3834
305 3835
305 3836
305 3837
305 3838
305 3839
306 3457
306 3840
306 3841
306 3842
306 3843
307 3844
307 3845
307 3846
307 3847
308 3848
308 3849
308 3850
308 3851
309 3852
309 3853
309 3854
309 3855
310 3227
310 3856
310 3857
310 3858
310 3859
311 3860
311 3861
311 3862
312 3863
312 3864
312 3865
313 3866
313 3867
314 3473
314 3474
314 3475
314 3500
314 3868
315 3869
315 3870
316 3516
316 3871
316 3872
317 3873
317 3874
317 3875
318 3859
318 3876
318 3877
318 3878
319 3512
319 3513
320 3879
320 3880
320 3881
320 3882
320 3883
321 3884
321 3885
322 3886
322 3887
323 3480
323 3802
323 3888
324 3889
324 3890
325 3473
325 3474
325 3475
325 3891
326 3564
326 3892
326 3893
326 3894
326 3895
326 3896
327 3046
327 3564
327 3897
327 3898
327 3899
327 3900
328 3564
328 3693
329 3097
329 3651
330 3651
330 3739
330 3752
330 3901
330 3902
331 3233
331 3903
331 3904
332 3195
332 3905
332 3906
333 3907
333 3908
334 3909
334 3910
335 3168
335 3604
335 3911
336 3092
336 3912
336 3913
337 3914
337 3915
337 3916
338 3055
338 3058
338 3253
338 3302
339 3917
339 3918
340 3919
340 3920
340 3921
340 3922
341 3240
341 3923
341 3924
341 3925
341 3926
342 3240
342 3923
342 3924
342 3927
342 3928
343 3929
343 3930
343 3931
343 3932
343 3933
344 3934
344 3935
345 3936
345 3937
345 3938
346 3127
346 3632
346 3939
346 3940
346 3941
347 3186
347 3187
347 3189
347 3190
348 3077
348 3078
349 3041
349 3042
349 3084
349 3898
349 3942
350 3585
350 3785
350 3943
351 3944
351 3945
352 3131
352 3132
352 3946
352 3947
353 3948
353 3949
353 3950
353 3951
353 3952
353 3953
354 3632
354 3954
354 3955
354 3956
355 3150
355 3957
356 3097
356 3253
356 3720
356 3958
357 3785
357 3787
357 3959
357 3960
357 3961
358 3585
358 3785
358 3962
358 3963
359 3964
359 3965
359 3966
359 3967
360 3106
360 3206
360 3622
360 3968
361 3117
361 3587
361 3969
361 3970
361 3971
362 3972
362 3973
362 3974
363 3975
363 3976
363 3977
364 3978
364 3979
364 3980
365 3599
365 3600
365 3601
366 3053
366 3981
367 3174
367 3982
367 3983
368 3106
368 3685
368 3984
368 3985
368 3986
368 3987
369 3988
369 3989
369 3990
370 3614
371 3946
371 3991
371 3992
372 3771
372 3993
372 3994
373 3097
373 3621
373 3622
374 3117
374 3140
375 3191
375 3192
375 3714
376 3126
376 3995
377 3785
377 3963
377 3996
378 3204
378 3997
378 3998
378 3999
379 3087
379 3394
380 3120
380 3122
380 3124
380 4000
380 4001
381 3706
381 3707
382 4002
382 4003
382 4004
382 4005
383 3289
383 4006
384 4007
385 3221
385 3222
386 4008
386 4009
387 4010
388 3289
388 4011
389 4012
389 4013
389 4014
390 3184
390 3235
391 3591
391 4015
391 4016
392 3090
392 4017
393 3246
393 3247
393 3248
393 3729
394 4018
394 4019
394 4020
395 3097
395 3106
395 3254
395 3255
396 4021
396 4022
397 3271
397 4023
397 4024
397 4025
398 3655
398 4026
398 4027
399 4028
399 4029
399 4030
399 4031
400 3106
400 3107
400 3108
400 3109
401 3106
401 3109
401 3168
402 4032
402 4033
402 4034
403 4035
403 4036
403 4037
404 4038
404 4039
404 4040
404 4041
405 3192
405 4042
405 4043
405 4044
406 3632
406 3633
406 3954
407 3154
407 3278
407 3280
407 3725
408 3269
408 3270
408 3271
408 4045
409 4046
409 4047
409 4048
409 4049
410 4050
410 4051
410 4052
411 3236
411 4053
411 4054
411 4055
411 4056
412 3055
412 3057
412 3058
413 4057
413 4058
413 4059
414 4060
414 4061
414 4062
414 4063
414 4064
415 4065
415 4066
415 4067
416 3416
416 3417
416 3419
416 4068
417 3416
417 3645
417 3646
417 3647
417 4069
418 3364
418 3366
418 4070
419 3761
419 3763
419 4071
419 4072
419 4073
420 4074
420 4075
420 4076
420 4077
420 4078
421 3148
421 3150
421 3151
421 3957
421 4079
421 4080
421 4081
422 3154
422 3399
423 4082
423 4083
423 4084
424 3271
424 4085
424 4086
424 4087
425 3336
425 3337
425 3648
425 3692
426 4088
426 4089
426 4090
427 4091
427 4092
428 4093
428 4094
428 4095
429 3651
430 3329
430 4096
430 4097
430 4098
430 4099
431 3190
431 4100
431 4101
431 4102
431 4103
431 4104
431 4105
432 3132
432 3583
432 3721
432 4106
433 3376
433 3379
433 3754
433 3757
433 4107
433 4108
434 3184
434 4109
435 3132
435 4110
435 4111
435 4112
436 3097
436 3098
436 4113
437 3074
438 3364
439 4114
439 4115
440 4116
440 4117
440 4118
440 4119
441 3442
441 3443
442 3550
442 4120
443 4121
443 4122
444 3454
444 3455
444 4123
445 3454
445 4124
445 4125
445 4126
446 4127
446 4128
447 3534
447 4129
447 4130
447 4131
447 4132
448 4133
448 4134
449 3226
449 3858
450 4135
450 4136
451 4137
451 4138
451 4139
451 4140
452 4141
452 4142
453 3431
453 4143
453 4144
453 4145
453 4146
454 4147
454 4148
454 4149
455 3859
455 4150
455 4151
455 4152
455 4153
456 3491
456 4154
456 4155
457 4156
457 4157
457 4158
457 4159
457 4160
457 4161
458 4162
458 4163
458 4164
459 3542
459 3543
459 3551
460 3841
460 4165
460 4166
461 4167
461 4168
461 4169
461 4170
461 4171
462 3473
462 3868
462 4172
463 3520
463 4173
464 3820
464 4174
464 4175
465 3891
465 4168
465 4169
465 4176
465 4177
466 4178
466 4179
466 4180
466 4181
467 4182
467 4183
467 4184
468 4185
468 4186
468 4187
468 4188
469 3806
469 4189
470 3542
470 3543
470 4190
471 3806
471 3807
472 3489
472 3521
472 3537
472 4191
472 4192
472 4193
472 4194
473 4195
473 4196
473 4197
473 4198
473 4199
474 4200
474 4201
474 4202
475 3457
475 3840
475 3842
475 3881
475 4167
475 4203
476 4204
476 4205
477 4206
477 4207
477 4208
478 3532
478 3535
478 4209
479 4210
479 4211
479 4212
479 4213
480 3806
480 4214
481 4133
481 4134
481 4215
481 4216
482 4217
483 4218
483 4219
484 4220
484 4221
484 4222
485 4150
485 4223
485 4224
486 3859
486 4150
486 4225
486 4226
487 4227
487 4228
487 4229
487 4230
487 4231
487 4232
487 4233
487 4234
487 4235
488 4133
488 4236
489 3457
489 4207
489 4237
489 4238
490 4239
490 4240
490 4241
490 4242
490 4243
491 3473
491 4122
491 4244
492 4245
492 4246
492 4247
492 4248
493 4170
493 4249
493 4250
494 4251
494 4252
495 3470
495 4253
495 4254
496 3501
496 3809
496 4255
497 3224
497 3225
497 3227
497 3858
497 4256
498 4129
498 4257
499 3870
499 4258
500 4259
500 4260
500 4261
500 4262
501 4263
501 4264
501 4265
501 4266
501 4267
501 4268
502 4269
502 4270
503 4271
503 4272
503 4273
503 4274
503 4275
504 4276
504 4277
504 4278
504 4279
504 4280
505 3489
505 3520
505 3521
505 4173
505 4281
506 3470
506 4282
507 4283
507 4284
507 4285
508 4129
508 4286
508 4287
509 4137
509 4288
509 4289
510 3329
510 4290
510 4291
510 4292
510 4293
510 4294
510 4295
510 4296
510 4297
511 3564
511 4298
512 3651
512 3739
512 4299
512 4300
513 3203
513 3205
513 3206
513 4301
514 4302
514 4303
514 4304
514 4305
514 4306
515 4307
515 4308
516 3580
516 4309
517 3364
517 3366
518 3026
518 3074
518 3178
519 3791
519 4310
519 4311
520 3965
520 3966
520 3967
520 4312
521 3172
521 4313
521 4314
521 4315
521 4316
522 3649
522 4317
523 3035
523 3036
523 4318
523 4319
523 4320
524 3557
524 3574
524 4321
524 4322
525 3280
525 4323
525 4324
525 4325
526 4326
526 4327
526 4328
527 3717
527 4329
527 4330
527 4331
528 3918
528 4332
528 4333
528 4334
529 4335
529 4336
529 4337
530 4338
530 4339
530 4340
531 3026
531 4341
531 4342
531 4343
531 4344
531 4345
532 4346
533 3593
533 4347
533 4348
534 3944
534 3945
535 3078
535 4349
535 4350
536 3106
536 3200
536 4351
536 4352
537 4353
537 4354
537 4355
537 4356
537 4357
538 3987
538 4358
538 4359
538 4360
539 3093
539 3102
539 3791
540 3602
540 3785
540 4361
541 4362
541 4363
541 4364
542 4365
542 4366
542 4367
543 3096
543 3098
543 3100
543 4368
544 3271
544 3305
544 4369
544 4370
544 4371
544 4372
545 4373
545 4374
546 4375
546 4376
546 4377
546 4378
546 4379
547 3117
547 3665
547 4380
547 4381
547 4382
547 4383
548 3734
548 4384
548 4385
548 4386
548 4387
549 3785
549 4388
550 3055
550 3057
550 4389
550 4390
550 4391
550 4392
551 3158
551 3161
551 4393
552 3981
552 4394
553 4035
553 4395
554 3168
555 3048
555 4396
555 4397
555 4398
556 3140
556 4399
556 4400
557 3893
557 4399
557 4401
557 4402
557 4403
558 4404
559 3074
559 3178
559 3179
560 3106
560 3183
560 4405
560 4406
561 3479
561 4407
562 3255
562 4408
562 4409
562 4410
562 4411
562 4412
563 3106
563 3182
563 4413
564 3055
564 3058
564 4414
565 3098
565 3099
565 3993
565 3994
565 4415
566 3131
566 3291
566 3292
567 3195
567 3196
567 3336
567 3906
568 4416
569 3169
569 4417
569 4418
569 4419
570 4420
570 4421
570 4422
571 4423
571 4424
572 3965
572 3967
572 4425
572 4426
573 3087
573 3088
573 3089
574 3106
574 3109
574 4427
575 3791
575 4100
576 3120
576 3124
576 4000
576 4428
576 4429
577 4430
577 4431
578 4430
578 4431
579 3234
579 4432
579 4433
579 4434
579 4435
580 3585
580 4436
581 4437
581 4438
581 4439
581 4440
582 3364
582 4441
583 3066
583 4442
583 4443
584 3055
584 3057
584 4444
585 4445
585 4446
586 3647
586 4447
586 4448
586 4449
587 4450
587 4451
587 4452
588 3098
588 4368
588 4453
589 3255
589 3355
589 4454
589 4455
590 3153
590 3253
591 3655
591 4027
592 3106
592 4456
592 4457
592 4458
593 4459
593 4460
594 4461
594 4462
594 4463
594 4464
595 3046
595 3047
595 4044
596 3269
596 3270
596 3271
597 3246
597 3247
597 3248
597 3249
597 3729
598 4465
598 4466
599 4467
599 4468
599 4469
600 4470
600 4471
600 4472
600 4473
601 3241
601 3928
601 3946
601 4474
602 3126
602 3357
602 3995
603 3236
603 4475
604 3098
604 3191
604 4476
604 4477
605 4478
605 4479
605 4480
605 4481
606 4482
606 4483
606 4484
607 4485
607 4486
607 4487
607 4488
607 4489
608 3737
608 3739
608 4490
608 4491
609 3037
609 4492
609 4493
610 4494
610 4495
610 4496
610 4497
611 3095
611 3100
611 4498
611 4499
611 4500
611 4501
611 4502
612 4094
612 4503
613 3206
613 3645
613 3647
614 3236
614 4504
614 4505
614 4506
615 4507
615 4508
615 4509
616 3032
616 3034
616 4510
616 4511
616 4512
616 4513
617 3092
617 4514
617 4515
617 4516
617 4517
618 3706
618 4518
618 4519
618 4520
618 4521
618 4522
618 4523
619 4084
619 4524
619 4525
619 4526
620 3944
620 4527
620 4528
620 4529
621 3618
621 4530
621 4531
622 3158
622 4532
622 4533
622 4534
622 4535
623 3586
623 4536
623 4537
623 4538
623 4539
623 4540
624 3353
624 4541
624 4542
624 4543
624 4544
625 4545
625 4546
625 4547
626 4548
626 4549
626 4550
626 4551
627 4552
627 4553
627 4554
627 4555
628 4018
628 4556
628 4557
629 3416
629 3646
629 4558
629 4559
630 4062
630 4560
630 4561
630 4562
630 4563
631 3906
631 4564
631 4565
632 4086
632 4087
632 4566
632 4567
632 4568
633 4569
633 4570
633 4571
633 4572
634 4573
634 4574
634 4575
635 3106
635 3199
635 4576
635 4577
635 4578
636 3337
636 3338
636 4579
637 3631
637 4580
637 4581
637 4582
638 4583
638 4584
639 3068
639 4585
639 4586
639 4587
640 3106
640 4168
640 4588
640 4589
640 4590
641 4074
641 4591
641 4592
641 4593
642 3055
642 3250
642 3369
642 3370
642 3371
642 3373
642 3375
642 4414
643 3154
643 4594
643 4595
643 4596
643 4597
643 4598
643 4599
644 4600
644 4601
644 4602
645 3314
645 4603
645 4604
646 3643
646 4447
646 4449
646 4605
646 4606
646 4607
647 3132
647 4112
647 4608
647 4609
647 4610
648 3154
648 3314
648 3317
648 4611
649 4249
649 4612
649 4613
650 3443
650 4614
650 4615
650 4616
650 4617
651 4618
651 4619
651 4620
652 4621
652 4622
653 3551
653 4571
653 4623
653 4624
653 4625
653 4626
653 4627
654 4628
654 4629
654 4630
654 4631
654 4632
654 4633
655 3532
655 4634
655 4635
656 3816
656 4636
657 3886
657 4637
657 4638
658 4252
658 4639
659 4640
659 4641
659 4642
660 4643
660 4644
660 4645
660 4646
661 4647
661 4648
661 4649
661 4650
662 4651
662 4652
662 4653
662 4654
662 4655
662 4656
663 3488
663 4657
663 4658
664 3859
664 4659
664 4660
664 4661
665 4137
665 4662
665 4663
665 4664
666 4206
666 4665
666 4666
667 3354
667 3464
667 4667
667 4668
667 4669
667 4670
667 4671
667 4672
667 4673
667 4674
667 4675
668 3848
668 4676
669 3542
669 4677
669 4678
669 4679
670 3486
670 3526
670 4680
670 4681
670 4682
670 4683
671 4633
671 4684
671 4685
672 4686
672 4687
672 4688
672 4689
672 4690
672 4691
672 4692
672 4693
673 4156
673 4157
673 4158
673 4161
674 3457
674 3840
674 3842
674 3881
674 4167
674 4203
674 4694
675 4695
675 4696
675 4697
675 4698
676 4133
676 4134
676 4169
676 4236
676 4699
676 4700
677 4701
677 4702
677 4703
677 4704
678 4633
678 4705
679 3963
679 4706
679 4707
679 4708
679 4709
680 4710
680 4711
680 4712
680 4713
681 3633
681 3946
681 4714
681 4715
681 4716
681 4717
682 4718
682 4719
682 4720
683 4721
683 4722
683 4723
683 4724
684 4725
684 4726
685 4727
685 4728
685 4729
686 3195
686 3338
686 4730
686 4731
686 4732
686 4733
686 4734
686 4735
686 4736
686 4737
686 4738
686 4739
687 3097
687 4740
687 4741
687 4742
688 3132
688 4112
688 4608
688 4743
689 4569
689 4570
689 4571
689 4744
690 3068
690 4745
690 4746
691 3132
691 4747
691 4748
691 4749
691 4750
691 4751
691 4752
692 3332
692 4753
692 4754
693 3329
693 4097
693 4099
693 4755
693 4756
694 4757
694 4758
694 4759
694 4760
694 4761
694 4762
694 4763
694 4764
694 4765
695 3106
695 3107
695 3109
695 3183
695 3200
695 4589
695 4766
695 4767
696 4768
696 4769
696 4770
696 4771
697 4772
697 4773
697 4774
697 4775
697 4776
697 4777
698 3324
698 3376
698 3377
698 4778
699 3098
699 3355
699 4453
699 4455
699 4779
699 4780
699 4781
700 3049
700 3564
700 4782
700 4783
701 4074
701 4784
701 4785
701 4786
702 4787
702 4788
702 4789
702 4790
702 4791
702 4792
702 4793
702 4794
702 4795
703 4796
703 4797
703 4798
704 3097
704 4799
704 4800
704 4801
705 3209
706 3155
706 4802
706 4803
706 4804
707 3393
707 4805
708 4380
709 3206
709 3647
709 4806
710 3055
710 3060
710 3250
711 3055
711 4392
711 4414
712 4807
712 4808
712 4809
713 4810
713 4811
714 4812
714 4813
714 4814
714 4815
715 3274
715 3275
716 4816
716 4817
717 4818
717 4819
718 3039
718 4820
718 4821
719 4391
719 4822
720 4291
720 4823
721 3234
721 4509
722 3601
722 4824
722 4825
723 4826
723 4827
724 3068
724 4828
724 4829
724 4830
724 4831
724 4832
724 4833
725 3988
725 4834
725 4835
726 3097
726 3274
726 4836
727 3221
727 4837
727 4838
727 4839
728 3701
728 4840
729 3112
729 3174
729 4841
729 4842
730 4843
730 4844
731 3026
731 4845
731 4846
731 4847
732 3154
732 4848
733 4849
733 4850
733 4851
733 4852
734 3025
734 3026
734 3199
735 3585
735 4853
736 3619
736 4854
737 3557
737 3574
737 4855
737 4856
738 3068
738 3585
738 3679
738 4857
738 4858
738 4859
739 4860
739 4861
739 4862
740 4863
740 4864
740 4865
740 4866
740 4867
741 3987
741 4360
742 4868
742 4869
742 4870
743 4871
743 4872
744 4873
744 4874
745 3105
745 3145
745 3146
745 3147
746 3221
746 3222
747 3734
747 4387
747 4875
747 4876
747 4877
747 4878
748 4879
748 4880
748 4881
749 3564
749 4298
749 4882
750 4883
751 3255
751 4884
751 4885
751 4886
751 4887
751 4888
751 4889
752 3094
752 3229
752 3230
752 3232
752 4890
752 4891
753 4494
754 3284
754 4892
754 4893
755 4894
755 4895
755 4896
756 4897
756 4898
756 4899
757 3192
757 4900
757 4901
758 3097
758 4902
759 3213
759 4903
760 3096
760 3098
760 3100
760 4368
760 4455
760 4904
761 4769
761 4905
761 4906
761 4907
761 4908
762 3164
762 3165
762 3166
762 4909
763 4910
763 4911
763 4912
763 4913
763 4914
764 3152
764 4915
764 4916
765 3739
765 4917
766 3295
766 3748
766 4918
766 4919
767 3203
767 4806
768 3684
768 4920
769 3271
769 3769
769 4207
769 4369
769 4921
769 4922
770 3246
770 3247
770 4923
771 4924
771 4925
771 4926
771 4927
771 4928
772 3098
772 3191
772 4929
772 4930
773 3031
773 4931
774 3037
774 4932
774 4933
775 4934
775 4935
775 4936
775 4937
776 3416
776 3646
776 4938
776 4939
777 4940
778 4941
778 4942
778 4943
778 4944
779 4945
779 4946
780 3191
780 4947
780 4948
781 3179
781 3986
781 4949
782 4336
782 4337
782 4455
783 4950
783 4951
783 4952
783 4953
784 3255
784 3355
784 4954
784 4955
784 4956
785 3117
785 3140
785 3893
785 4399
786 4957
786 4958
786 4959
787 3300
787 4761
787 4763
787 4960
788 3236
788 4961
789 3098
789 4962
789 4963
789 4964
789 4965
790 4966
790 4967
791 4968
791 4969
792 4970
792 4971
792 4972
793 3627
793 4970
793 4973
793 4974
793 4975
794 3562
794 3566
794 4976
795 3946
795 3991
795 4474
795 4977
795 4978
796 4979
796 4980
796 4981
796 4982
796 4983
797 3055
797 3058
797 4984
798 3240
798 4985
798 4986
798 4987
798 4988
798 4989
799 4990
799 4991
800 4992
800 4993
801 4994
801 4995
801 4996
802 4997
802 4998
803 4999
803 5000
804 5001
805 5002
805 5003
806 5004
807 5005
807 5006
808 5007
808 5008
809 5009
810 5010
810 5011
810 5012
811 5013
811 5014
811 5015
812 5016
813 5017
813 5018
814 5019
814 5020
815 5021
815 5022
816 5023
816 5024
816 5025
817 4999
817 5026
818 5027
818 5028
818 5029
818 5030
818 5031
818 5032
819 5033
819 5034
820 5035
820 5036
821 5037
821 5038
821 5039
822 5040
822 5041
822 5042
823 5043
823 5044
824 5045
824 5046
825 5047
825 5048
826 5004
827 5049
828 5050
828 5051
828 5052
829 5053
829 5054
829 5055
830 4537
830 5056
830 5057
831 5058
832 5059
832 5060
832 5061
833 5000
833 5062
833 5063
834 5064
835 5065
835 5066
836 5067
836 5068
837 5069
838 5070
838 5071
839 5015
839 5072
840 5073
840 5074
840 5075
840 5076
840 5077
841 5078
841 5079
842 5080
843 5081
843 5082
844 5081
844 5082
844 5083
844 5084
845 5085
845 5086
845 5087
846 5088
846 5089
847 5090
847 5091
848 3610
848 5092
848 5093
849 5094
849 5095
850 5096
850 5097
850 5098
851 5099
851 5100
852 5101
852 5102
853 5091
853 5103
854 5104
855 5105
855 5106
856 5107
856 5108
857 5109
857 5110
858 5004
858 5111
858 5112
859 5113
859 5114
859 5115
860 5030
861 4992
861 5116
861 5117
862 5030
862 5118
862 5119
862 5120
863 5057
864 3609
864 5121
865 5004
865 5018
866 5122
866 5123
867 3610
867 5124
867 5125
867 5126
868 4537
868 5030
868 5057
869 5127
869 5128
869 5129
870 5130
871 5010
871 5131
872 5132
872 5133
873 4999
873 5134
874 5085
874 5135
875 5136
876 4998
876 5006
876 5040
876 5137
877 5138
877 5139
878 5066
878 5140
879 5071
879 5141
880 4537
880 5142
880 5143
881 5125
881 5144
882 5133
882 5145
882 5146
882 5147
882 5148
882 5149
883 5150
884 5151
884 5152
884 5153
885 5154
885 5155
886 5103
886 5156
887 5091
887 5157
887 5158
888 5159
888 5160
889 5161
889 5162
890 5163
890 5164
890 5165
891 5166
891 5167
892 5123
892 5153
892 5168
893 5090
893 5091
893 5169
894 5170
894 5171
894 5172
894 5173
894 5174
895 5175
895 5176
895 5177
896 3610
896 5040
896 5178
896 5179
897 5064
897 5180
897 5181
897 5182
898 5089
898 5183
898 5184
898 5185
899 4999
899 5134
900 5018
900 5186
901 5057
902 5187
903 5188
903 5189
904 5053
904 5190
905 3609
905 5191
905 5192
906 5064
907 5193
907 5194
907 5195
908 5055
909 5057
909 5092
909 5142
910 5000
910 5196
910 5197
911 3609
911 5198
911 5199
911 5200
911 5201
912 3106
912 5202
913 5047
913 5203
914 5094
914 5204
915 5205
915 5206
916 5183
916 5207
916 5208
916 5209
917 5210
917 5211
917 5212
918 5036
918 5090
918 5091
918 5213
918 5214
919 5136
919 5215
920 5132
920 5133
921 5216
921 5217
922 5218
922 5219
923 5089
923 5220
923 5221
923 5222
924 3609
924 4999
924 5126
925 5223
925 5224
926 5225
926 5226
926 5227
926 5228
927 5229
927 5230
928 5193
928 5231
929 3097
929 5232
929 5233
929 5234
930 5235
930 5236
930 5237
930 5238
931 5026
931 5040
931 5239
931 5240
931 5241
932 5126
932 5242
933 5178
933 5231
933 5243
934 5244
934 5245
934 5246
935 4537
935 5136
935 5247
936 5160
936 5243
936 5248
937 3172
937 5249
937 5250
938 5089
938 5195
939 5150
939 5251
939 5252
940 3142
940 5253
940 5254
941 5154
941 5155
942 5255
942 5256
943 5257
943 5258
943 5259
944 5260
945 5261
945 5262
946 5045
946 5123
946 5153
946 5263
946 5264
947 5265
948 5266
949 5188
950 5267
950 5268
951 5056
951 5269
951 5270
951 5271
952 5272
953 5271
953 5273
954 5170
954 5171
954 5172
954 5173
954 5274
954 5275
955 5276
955 5277
956 5278
956 5279
956 5280
956 5281
956 5282
957 5283
958 5057
958 5142
958 5166
958 5284
958 5285
959 5216
959 5217
960 3135
960 5286
960 5287
960 5288
961 5289
961 5290
961 5291
962 5045
962 5292
962 5293
963 5018
963 5294
964 5295
964 5296
965 5136
965 5297
966 3172
966 5249
966 5250
966 5298
967 5132
967 5147
967 5299
967 5300
967 5301
968 3142
968 5090
968 5302
969 5303
969 5304
969 5305
969 5306
970 5218
970 5226
970 5307
971 5308
972 4999
972 5201
972 5309
973 3609
973 4999
973 5126
973 5198
973 5200
973 5201
973 5310
973 5311
973 5312
973 5313
973 5314
973 5315
974 3609
974 5314
975 5071
975 5316
976 5317
976 5318
976 5319
977 3610
977 5284
978 5320
979 5321
979 5322
980 3098
980 5323
980 5324
980 5325
980 5326
981 5147
981 5151
981 5253
981 5254
981 5327
981 5328
982 5166
982 5329
983 5330
983 5331
984 5332
984 5333
985 5334
986 5303
986 5305
987 5335
987 5336
988 3571
988 5337
988 5338
989 3097
989 3274
989 5339
990 5201
990 5266
990 5340
990 5341
991 5342
991 5343
992 5018
992 5344
993 5103
993 5345
994 5243
994 5346
994 5347
994 5348
995 5123
995 5349
995 5350
996 5351
997 5352
997 5353
997 5354
998 3892
998 5355
998 5356
999 5134
999 5357
999 5358
1000 5292
1000 5350
1001 5133
1001 5359
1002 5147
1002 5254
1002 5353
1002 5360
1003 5091
1003 5361
1004 3989
1004 5362
1004 5363
1005 5364
1006 5232
1006 5233
1007 5365
1007 5366
1007 5367
1008 3429
1008 5368
1008 5369
1008 5370
1008 5371
1008 5372
1008 5373
1008 5374
1008 5375
1009 5037
1009 5376
1009 5377
1010 5378
1010 5379
1010 5380
1010 5381
1011 4999
1011 5312
1011 5315
1012 5218
1012 5307
1012 5346
1013 5126
1013 5195
1014 5382
1014 5383
1014 5384
1014 5385
1015 5130
1015 5178
1015 5362
1015 5386
1015 5387
1016 5093
1016 5388
1016 5389
1016 5390
1016 5391
1017 5392
1017 5393
1018 5394
1018 5395
1018 5396
1018 5397
1018 5398
1018 5399
1019 5137
1019 5199
1019 5278
1019 5400
1019 5401
1019 5402
1019 5403
1019 5404
1019 5405
1020 3172
1020 3557
1020 5406
1020 5407
1020 5408
1021 5053
1021 5409
1022 5254
1022 5410
1023 4537
1023 4785
1023 5411
1023 5412
1024 5295
1024 5413
1024 5414
1025 5201
1025 5266
1025 5341
1026 5386
1026 5415
1027 5086
1027 5195
1027 5416
1027 5417
1027 5418
1028 5419
1028 5420
1028 5421
1029 3106
1029 3894
1029 5057
1030 5422
1030 5423
1030 5424
1031 5425
1031 5426
1032 5193
1032 5410
1033 5130
1033 5178
1033 5427
1033 5428
1033 5429
1034 5176
1034 5430
1034 5431
1035 5432
1035 5433
1036 5166
1036 5434
1036 5435
1037 5055
1037 5436
1037 5437
1037 5438
1037 5439
1038 3610
1038 5440
1038 5441
1038 5442
1038 5443
1038 5444
1038 5445
1038 5446
1039 5447
1039 5448
1040 5449
1040 5450
1040 5451
1041 5112
1041 5293
1041 5452
1041 5453
1041 5454
1041 5455
1042 5396
1042 5397
1042 5456
1043 5045
1043 5193
1043 5457
1043 5458
1043 5459
1043 5460
1044 3172
1044 5407
1045 3142
1045 5277
1045 5461
1045 5462
1045 5463
1046 3098
1046 5464
1046 5465
1046 5466
1047 5467
1047 5468
1048 5469
1048 5470
1049 5213
1049 5471
1049 5472
1050 3172
1050 3557
1050 5407
1051 3172
1051 3410
1052 5138
1052 5473
1052 5474
1053 5218
1053 5219
1053 5475
1053 5476
1054 5477
1054 5478
1054 5479
1055 5295
1055 5413
1056 5126
1056 5480
1056 5481
1056 5482
1057 5226
1057 5420
1057 5483
1058 5484
1058 5485
1059 4787
1059 5486
1060 4537
1060 5487
1060 5488
1061 5350
1061 5489
1062 5490
1062 5491
1062 5492
1062 5493
1063 3396
1063 5243
1063 5494
1063 5495
1064 4787
1064 5365
1064 5496
1065 5150
1065 5497
1066 5036
1066 5090
1066 5498
1066 5499
1067 5353
1067 5500
1068 5089
1068 5194
1068 5501
1068 5502
1068 5503
1068 5504
1068 5505
1068 5506
1069 3203
1070 5507
1070 5508
1070 5509
1070 5510
1070 5511
1071 3098
1071 5394
1071 5399
1071 5512
1071 5513
1072 5173
1072 5274
1072 5275
1073 5335
1073 5341
1073 5344
1074 3172
1074 3202
1074 5514
1074 5515
1075 5132
1075 5516
1076 5166
1076 5517
1076 5518
1076 5519
1077 3892
1077 5262
1077 5520
1078 3098
1078 5464
1078 5465
1078 5466
1079 5365
1079 5496
1080 5521
1080 5522
1080 5523
1081 5018
1081 5524
1082 5525
1083 5041
1083 5526
1083 5527
1084 5350
1084 5420
1084 5489
1085 5195
1085 5215
1086 5528
1086 5529
1086 5530
1086 5531
1087 5045
1087 5532
1088 5490
1088 5492
1089 3610
1089 5446
1090 5295
1090 5413
1091 5045
1091 5460
1091 5533
1092 5213
1092 5471
1092 5534
1093 5406
1094 5045
1094 5125
1094 5533
1094 5535
1095 5536
1095 5537
1096 5538
1096 5539
1096 5540
1097 5541
1098 5151
1098 5542
1098 5543
1098 5544
1099 5545
1099 5546
1099 5547
1100 5103
1100 5548
1100 5549
1100 5550
1100 5551
1101 5052
1101 5552
1101 5553
1102 5554
1102 5555
1102 5556
1102 5557
1102 5558
1102 5559
1102 5560
1103 3098
1103 5465
1103 5466
1103 5561
1104 5455
1104 5490
1104 5492
1104 5562
1104 5563
1104 5564
1104 5565
1104 5566
1104 5567
1104 5568
1104 5569
1104 5570
1105 5295
1105 5413
1105 5571
1106 3501
1106 3534
1106 5085
1106 5572
1107 5435
1107 5573
1107 5574
1107 5575
1107 5576
1107 5577
1108 5132
1109 5045
1109 5459
1109 5460
1109 5578
1110 5213
1110 5579
1110 5580
1110 5581
1111 3097
1111 3651
1112 5040
1112 5309
1112 5582
1112 5583
1112 5584
1113 5041
1113 5046
1113 5446
1113 5582
1114 3401
1114 5585
1114 5586
1114 5587
1115 3894
1115 5588
1116 5579
1116 5580
1116 5589
1116 5590
1117 5193
1117 5591
1118 4537
1118 5403
1119 5592
1119 5593
1119 5594
1120 3239
1120 5045
1120 5595
1121 3609
1121 5596
1121 5597
1121 5598
1122 4052
1122 5232
1122 5599
1122 5600
1122 5601
1122 5602
1123 5603
1123 5604
1124 5427
1124 5605
1125 5040
1125 5582
1125 5606
1125 5607
1126 5608
1126 5609
1127 5332
1127 5333
1127 5610
1127 5611
1128 5000
1128 5612
1128 5613
1128 5614
1129 5250
1129 5615
1129 5616
1130 5487
1130 5617
1131 5618
1131 5619
1131 5620
1131 5621
1131 5622
1131 5623
1132 3098
1132 3154
1132 3278
1132 5624
1133 5465
1133 5625
1133 5626
1134 3097
1134 3651
1135 5627
1135 5628
1136 3233
1136 5292
1136 5629
1137 3172
1137 3202
1137 3559
1137 5514
1138 5529
1138 5630
1138 5631
1139 3519
1139 5353
1139 5427
1139 5430
1139 5431
1139 5632
1140 5068
1140 5633
1140 5634
1141 5213
1141 5635
1141 5636
1142 5213
1142 5637
1142 5638
1143 5057
1143 5197
1143 5639
1143 5640
1144 3181
1144 5486
1144 5641
1145 3031
1145 3893
1145 5642
1146 3735
1146 5643
1146 5644
1146 5645
1147 5193
1147 5506
1147 5646
1148 5647
1148 5648
1149 5214
1149 5649
1150 3266
1150 5650
1150 5651
1150 5652
1151 5226
1151 5653
1151 5654
1151 5655
1152 5138
1152 5656
1152 5657
1153 3701
1153 3702
1154 5137
1154 5402
1154 5658
1154 5659
1155 5138
1155 5660
1155 5661
1155 5662
1155 5663
1156 5664
1156 5665
1157 3266
1157 5650
1157 5666
1158 5308
1158 5667
1159 3061
1159 5668
1159 5669
1160 5353
1160 5670
1161 5671
1162 5672
1162 5673
1163 3521
1163 5674
1163 5675
1163 5676
1164 5677
1164 5678
1165 3534
1165 5679
1165 5680
1165 5681
1166 4132
1166 5682
1167 3814
1167 5683
1167 5684
1167 5685
1168 5686
1168 5687
1168 5688
1168 5689
1169 4136
1169 5690
1169 5691
1169 5692
1169 5693
1170 4127
1170 5694
1171 5091
1171 5213
1171 5695
1171 5696
1172 3501
1172 3507
1172 5697
1172 5698
1172 5699
1173 4264
1173 5682
1173 5700
1173 5701
1173 5702
1174 4268
1174 5703
1175 5704
1175 5705
1176 5706
1176 5707
1177 5708
1178 3445
1178 5709
1179 5710
1179 5711
1179 5712
1180 5713
1180 5714
1180 5715
1181 3501
1181 5701
1181 5716
1181 5717
1182 5700
1182 5718
1183 3448
1183 5717
1184 5126
1184 5719
1185 3809
1185 5195
1185 5720
1185 5721
1186 5213
1186 5638
1186 5722
1186 5723
1187 5166
1187 5724
1187 5725
1187 5726
1187 5727
1187 5728
1188 5729
1189 5126
1189 5635
1189 5730
1189 5731
1190 3181
1190 5486
1190 5641
1190 5732
1191 5536
1191 5537
1191 5733
1192 5134
1192 5446
1192 5518
1192 5652
1192 5719
1192 5734
1193 5214
1193 5366
1193 5535
1193 5735
1194 5126
1194 5215
1194 5736
1194 5737
1195 5350
1195 5738
1196 3979
1196 5739
1196 5740
1196 5741
1197 5638
1197 5742
1198 5743
1198 5744
1198 5745
1198 5746
1199 5472
1199 5642
1199 5747
1199 5748
1200 3651
1201 5486
1201 5638
1202 5209
1202 5216
1202 5217
1202 5749
1202 5750
1202 5751
1203 3898
1203 5137
1203 5278
1203 5752
1204 5753
1204 5754
1204 5755
1205 5756
1206 5040
1206 5041
1206 5126
1206 5216
1206 5757
1206 5758
1206 5759
1207 5040
1207 5041
1207 5216
1207 5757
1207 5758
1207 5759
1207 5760
1207 5761
1208 5558
1208 5762
1208 5763
1209 5723
1209 5764
1209 5765
1210 3098
1210 3154
1210 3278
1210 3739
1210 5624
1211 5465
1211 5766
1212 5767
1213 4129
1213 4144
1213 4286
1214 5386
1214 5768
1215 5769
1215 5770
1216 4342
1216 5771
1216 5772
1216 5773
1217 4681
1217 5774
1217 5775
1218 4263
1218 5697
1218 5701
1218 5776
1218 5777
1219 4137
1219 5700
1219 5778
1220 4149
1220 5779
1221 3533
1221 3534
1221 5701
1221 5702
1221 5780
1222 4129
1222 4144
1222 5781
1223 4280
1223 5701
1223 5782
1223 5783
1223 5784
1224 5785
1224 5786
1224 5787
1224 5788
1224 5789
1225 5677
1225 5701
1226 5790
1226 5791
1226 5792
1226 5793
1227 3457
1227 5794
1227 5795
1228 4280
1228 5085
1228 5706
1228 5796
1229 3445
1229 5768
1229 5797
1229 5798
1229 5799
1230 5800
1230 5801
1230 5802
1231 5803
1231 5804
1231 5805
1232 4247
1232 5806
1233 5807
1234 4143
1234 5701
1234 5808
1234 5809
1235 5706
1235 5810
1236 5811
1236 5812
1236 5813
1237 5814
1237 5815
1237 5816
1237 5817
1238 5518
1238 5818
1238 5819
1238 5820
1239 5506
1239 5821
1240 3778
1240 5723
1240 5822
1241 5823
1241 5824
1241 5825
1242 3097
1242 3100
1242 3721
1242 5826
1243 5523
1243 5827
1243 5828
1244 5829
1244 5830
1244 5831
1245 3979
1246 5126
1246 5832
1247 5158
1247 5213
1247 5638
1248 5226
1248 5262
1248 5833
1248 5834
1248 5835
1249 3026
1249 5402
1249 5836
1250 5659
1250 5837
1250 5838
1251 5045
1251 5839
1252 5712
1252 5840
1252 5841
1252 5842
1253 5843
1254 5231
1254 5529
1255 5635
1255 5844
1255 5845
1256 4802
1256 5823
1256 5846
1257 3172
1257 3559
1257 5847
1257 5848
1257 5849
1258 5522
1258 5523
1259 5126
1259 5350
1259 5730
1260 5190
1260 5850
1260 5851
1260 5852
1261 5358
1261 5853
1261 5854
1261 5855
1261 5856
1262 5857
1262 5858
1262 5859
1262 5860
1263 5816
1263 5817
1263 5861
1263 5862
1264 5863
1264 5864
1264 5865
1265 5866
1265 5867
1266 5868
1267 3445
1267 3447
1267 5869
1268 5870
1269 5386
1269 5871
1269 5872
1270 3470
1270 5873
1271 5874
1271 5875
1271 5876
1271 5877
1272 5878
1272 5879
1272 5880
1273 4144
1273 4286
1273 5781
1274 4280
1274 5706
1274 5881
1275 4569
1275 5706
1275 5810
1276 3431
1276 3521
1276 4143
1276 5701
1277 5381
1277 5882
1278 5883
1278 5884
1278 5885
1279 5800
1279 5886
1279 5887
1279 5888
1279 5889
1279 5890
1279 5891
1280 5892
1280 5893
1280 5894
1281 5706
1281 5707
1281 5895
1281 5896
1282 5897
1282 5898
1282 5899
1283 5900
1283 5901
1284 3859
1284 4151
1284 5902
1284 5903
1285 5904
1285 5905
1285 5906
1285 5907
1286 5908
1286 5909
1286 5910
1287 3806
1287 5911
1288 4143
1288 5912
1288 5913
1288 5914
1289 5677
1289 5915
1290 5913
1290 5916
1290 5917
1291 5809
1291 5918
1292 3533
1292 3534
1292 5919
1292 5920
1292 5921
1293 5085
1293 5796
1293 5896
1293 5922
1294 4132
1294 4264
1294 5697
1294 5701
1294 5923
1294 5924
1295 5925
1295 5926
1295 5927
1295 5928
1296 4264
1296 5701
1296 5808
1296 5929
1296 5930
1297 5784
1297 5931
1297 5932
1297 5933
1298 3507
1298 5934
1298 5935
1298 5936
1299 5681
1299 5937
1299 5938
1299 5939
1299 5940
1299 5941
1300 3489
1300 3532
1300 5796
1300 5896
1300 5942
1301 5085
1301 5943
1301 5944
1301 5945
1302 5946
1302 5947
1302 5948
1302 5949
1302 5950
1303 3521
1303 3823
1303 4143
1303 5951
1303 5952
1304 3533
1304 3534
1304 4130
1304 5919
1304 5920
1305 5681
1305 5919
1305 5953
1305 5954
1306 3504
1306 3505
1306 3506
1306 3507
1306 3535
1307 3448
1307 3449
1307 5955
1308 4267
1308 5868
1308 5956
1309 5957
1309 5958
1309 5959
1309 5960
1309 5961
1309 5962
1310 5671
1310 5963
1311 4204
1311 4228
1311 5964
1312 4667
1312 5965
1312 5966
1312 5967
1313 5769
1313 5770
1313 5796
1313 5919
1313 5968
1314 5789
1314 5969
1314 5970
1315 4571
1315 5386
1315 5920
1315 5971
1316 5706
1316 5810
1316 5972
1316 5973
1317 5974
1317 5975
1317 5976
1318 5977
1319 5800
1319 5887
1319 5978
1320 5674
1320 5979
1320 5980
1320 5981
1320 5982
1321 5928
1321 5983
1321 5984
1322 3354
1322 3464
1322 5985
1322 5986
1322 5987
1322 5988
1323 5989
1323 5990
1324 3501
1324 4264
1324 5697
1324 5701
1324 5991
1324 5992
1325 3534
1325 5993
1325 5994
1326 4127
1326 5995
1327 5996
1327 5997
1328 5386
1328 5870
1329 4268
1329 5697
1329 5700
1329 5701
1329 5998
1329 5999
1329 6000
1330 3501
1330 6001
1330 6002
1331 4174
1331 4268
1331 5697
1331 6003
1332 6004
1332 6005
1333 5873
1334 4264
1334 5697
1334 5701
1334 6006
1334 6007
1334 6008
1334 6009
1334 6010
1335 5989
1335 6011
1335 6012
1336 4264
1336 5195
1336 5701
1336 5900
1336 5929
1336 6013
1337 4267
1337 5868
1337 5956
1337 6014
1338 6015
1338 6016
1338 6017
1338 6018
1339 3505
1339 3507
1340 3312
1340 5807
1340 6019
1341 5916
1341 6020
1341 6021
1341 6022
1342 3242
1342 5786
1342 6023
1343 5892
1343 5975
1343 6024
1343 6025
1344 5992
1344 6026
1344 6027
1345 6028
1345 6029
1346 5789
1346 5969
1346 5970
1347 4147
1347 4167
1347 4168
1348 4129
1348 4286
1348 6030
1349 4137
1349 6031
1349 6032
1349 6033
1350 6034
1350 6035
1350 6036
1350 6037
1350 6038
1350 6039
1351 6040
1351 6041
1351 6042
1351 6043
1351 6044
1351 6045
1352 3610
1352 5195
1352 5646
1352 5697
1353 5682
1353 6046
1354 4264
1354 5701
1354 6047
1355 5057
1355 5197
1355 5640
1355 6048
1355 6049
1356 5651
1356 6050
1357 5409
1357 6051
1358 6052
1358 6053
1358 6054
1359 6055
1360 3609
1360 5126
1360 6056
1360 6057
1361 5068
1361 6058
1362 3569
1362 6059
1362 6060
1362 6061
1363 4628
1363 6062
1363 6063
1364 5742
1364 6064
1365 5723
1365 6065
1366 3628
1366 3629
1367 3233
1367 3775
1367 5292
1367 6066
1368 6067
1368 6068
1368 6069
1369 3735
1369 5645
1369 6070
1369 6071
1369 6072
1370 5147
1370 6073
1370 6074
1370 6075
1371 5132
1371 6076
1371 6077
1372 5558
1372 6078
1372 6079
1373 3382
1373 4558
1373 5496
1373 5601
1373 6080
1373 6081
1374 3098
1374 3113
1374 3625
1374 6082
1375 3140
1375 4537
1375 6083
1376 5613
1376 6084
1376 6085
1377 6086
1377 6087
1377 6088
1377 6089
1377 6090
1377 6091
1377 6092
1378 5536
1378 6093
1378 6094
1378 6095
1379 5044
1379 6096
1379 6097
1380 5729
1380 6098
1380 6099
1380 6100
1380 6101
1380 6102
1381 3557
1381 3558
1381 3559
1381 4314
1381 6103
1381 6104
1382 5604
1382 6105
1382 6106
1382 6107
1383 4992
1383 6108
1383 6109
1384 6093
1384 6094
1384 6110
1385 3610
1385 5151
1385 6111
1385 6112
1385 6113
1386 5201
1386 5759
1386 6114
1387 5648
1387 6115
1387 6116
1388 4851
1388 5197
1388 6117
1388 6118
1389 3809
1389 6119
1389 6120
1390 5489
1390 6121
1390 6122
1391 3892
1391 5642
1391 6123
1392 6124
1392 6125
1393 5368
1393 5631
1393 6126
1393 6127
1393 6128
1393 6129
1393 6130
1394 6131
1394 6132
1394 6133
1394 6134
1394 6135
1395 6136
1395 6137
1395 6138
1395 6139
1395 6140
1395 6141
1396 6142
1396 6143
1396 6144
1397 5840
1397 6145
1397 6146
1398 5607
1398 6147
1398 6148
1398 6149
1399 6150
1399 6151
1400 5215
1400 5411
1400 6152
1400 6153
1400 6154
1401 6155
1401 6156
1401 6157
1402 5518
1402 5818
1402 5819
1402 5820
1402 6158
1402 6159
1402 6160
1403 4747
1403 5536
1403 6161
1404 6081
1404 6162
1405 5863
1405 5865
1405 5922
1405 6001
1405 6163
1406 4264
1406 5701
1406 6164
1407 5700
1407 5717
1407 6165
1408 4569
1408 4571
1408 5671
1408 6166
1408 6167
1408 6168
1409 4129
1409 4144
1409 6169
1409 6170
1409 6171
1410 4132
1410 4277
1410 4278
1410 4280
1411 4129
1411 4144
1411 6169
1411 6170
1412 6172
1412 6173
1412 6174
1413 3431
1413 3521
1413 4143
1413 5938
1413 5952
1413 6175
1414 6176
1414 6177
1415 6178
1416 5868
1416 6176
1416 6179
1416 6180
1417 5697
1417 5701
1417 6181
1418 4129
1418 6030
1419 5922
1419 6182
1420 6183
1420 6184
1421 5769
1421 5770
1421 5912
1421 6185
1421 6186
1422 6187
1422 6188
1422 6189
1422 6190
1423 5943
1423 5944
1423 6191
1424 3225
1424 3226
1424 6192
1424 6193
1425 4137
1425 4178
1425 4179
1425 4663
1425 6194
1425 6195
1426 4681
1426 5775
1426 6196
1426 6197
1427 5486
1427 6198
1427 6199
1427 6200
1428 4228
1428 6201
1428 6202
1428 6203
1429 6001
1429 6204
1430 3501
1430 5698
1430 5701
1430 5991
1430 6205
1431 4342
1431 5706
1431 6206
1431 6207
1431 6208
1432 5706
1432 6206
1432 6209
1433 5892
1433 5975
1433 6210
1433 6211
1433 6212
1434 5371
1434 6000
1434 6213
1434 6214
1434 6215
1435 5697
1435 5992
1435 6000
1435 6216
1435 6217
1436 5796
1436 5896
1436 6218
1436 6219
1436 6220
1437 4638
1438 6221
1438 6222
1438 6223
1438 6224
1439 5680
1439 6225
1439 6226
1440 4147
1440 4148
1440 4261
1441 5873
1441 6227
1441 6228
1441 6229
1442 5151
1442 6230
1443 5057
1443 6109
1443 6231
1443 6232
1443 6233
1443 6234
1443 6235
1444 5723
1444 6236
1444 6237
1444 6238
1444 6239
1445 5592
1445 6240
1446 5471
1446 6241
1447 3167
1447 4537
1447 6242
1447 6243
1448 3721
1448 5496
1448 5845
1448 6081
1448 6244
1449 5814
1449 6117
1449 6245
1449 6246
1450 5126
1450 6247
1451 5215
1451 5446
1451 5571
1451 6147
1451 6248
1452 5518
1452 5723
1452 6249
1452 6250
1452 6251
1453 6252
1453 6253
1453 6254
1453 6255
1454 6256
1454 6257
1454 6258
1454 6259
1454 6260
1454 6261
1455 6052
1455 6053
1456 5638
1456 6067
1457 3232
1457 6262
1458 5553
1458 5852
1458 6263
1458 6264
1459 3892
1459 5642
1459 6265
1459 6266
1459 6267
1460 5046
1460 6268
1460 6269
1460 6270
1461 3892
1461 6271
1462 5132
1462 5133
1462 6272
1463 3113
1463 5350
1463 5730
1463 6273
1464 3037
1464 5659
1464 6274
1465 5006
1465 5497
1465 5607
1465 6275
1466 6276
1466 6277
1466 6278
1466 6279
1467 6063
1467 6280
1467 6281
1467 6282
1468 6283
1468 6284
1469 3098
1469 5645
1469 6070
1470 5648
1470 6285
1470 6286
1471 3117
1471 4813
1471 6287
1472 5353
1472 6288
1472 6289
1472 6290
1472 6291
1473 3628
1473 3629
1474 6236
1474 6292
1474 6293
1475 3247
1475 5722
1475 6294
1475 6295
1476 5524
1476 6296
1477 5262
1477 6297
1477 6298
1478 5217
1478 5721
1478 6299
1478 6300
1478 6301
1478 6302
1478 6303
1479 5851
1479 6304
1480 5214
1480 5649
1481 5126
1481 6122
1481 6305
1482 6306
1482 6307
1483 4868
1483 4869
1483 6308
1483 6309
1483 6310
1484 6311
1484 6312
1484 6313
1485 6314
1485 6315
1485 6316
1485 6317
1485 6318
1486 6319
1486 6320
1486 6321
1487 5308
1487 5667
1487 6322
1487 6323
1488 4065
1488 4066
1488 4067
1488 6324
1488 6325
1488 6326
1488 6327
1488 6328
1488 6329
1489 6280
1489 6330
1489 6331
1489 6332
1489 6333
1489 6334
1489 6335
1489 6336
1490 4065
1490 4066
1490 4067
1490 6325
1490 6326
1490 6327
1490 6329
1491 5040
1491 6161
1491 6248
1491 6337
1492 6338
1492 6339
1492 6340
1492 6341
1492 6342
1493 5729
1493 6098
1493 6099
1493 6343
1493 6344
1494 5701
1494 5800
1494 6345
1494 6346
1494 6347
1494 6348
1495 3430
1495 3432
1495 5938
1495 5939
1495 6032
1495 6349
1496 4569
1496 4571
1496 5399
1496 5671
1496 6166
1496 6168
1496 6350
1496 6351
1497 6352
1497 6353
1497 6354
1497 6355
1497 6356
1498 6357
1498 6358
1498 6359
1498 6360
1499 5785
1499 6361
1499 6362
1499 6363
1499 6364
1499 6365
1500 5876
1500 6366
1500 6367
1501 5975
1501 6024
1501 6211
1501 6212
1501 6368
1501 6369
1501 6370
1501 6371
1501 6372
1501 6373
1501 6374
1501 6375
1502 3452
1502 6376
1502 6377
1503 5916
1503 6020
1503 6021
1503 6022
1504 3478
1504 6378
1505 6379
1505 6380
1505 6381
1506 5769
1506 6185
1506 6186
1506 6382
1506 6383
1507 5701
1507 5871
1507 5992
1507 5998
1507 6384
1508 4137
1508 6195
1508 6385
1508 6386
1509 5697
1509 5701
1509 6164
1509 6384
1509 6387
1509 6388
1509 6389
1510 5682
1510 6390
1511 5682
1511 6046
1512 3881
1512 6391
1512 6392
1512 6393
1513 3521
1513 5896
1513 5938
1513 6175
1513 6394
1513 6395
1514 4286
1514 5697
1514 5701
1514 5992
1514 6000
1514 6396
1515 6397
1515 6398
1515 6399
1516 5682
1516 6046
1516 6400
1517 5682
1517 5896
1517 6401
1517 6402
1517 6403
1518 4204
1518 4228
1518 5919
1518 6404
1518 6405
1518 6406
1519 6210
1519 6407
1519 6408
1519 6409
1519 6410
1519 6411
1520 3354
1520 6412
1520 6413
1521 6176
1521 6179
1521 6180
1521 6414
1521 6415
1522 5671
1522 5900
1522 5963
1522 6177
1522 6416
1523 5928
1523 5983
1523 6417
1523 6418
1524 6419
1525 4150
1525 4223
1525 4224
1526 3534
1526 4129
1526 4131
1526 4132
1527 4137
1527 6195
1527 6420
1528 3501
1528 6421
1529 6422
1530 3979
1530 6115
1530 6423
1530 6424
1531 5047
1531 6425
1531 6426
1532 5472
1532 5642
1532 6427
1533 3098
1533 3625
1533 6428
1534 3140
1534 4400
1535 5613
1535 6429
1535 6430
1535 6431
1536 5213
1536 6432
1536 6433
1537 3297
1537 3298
1537 6434
1538 3106
1538 3557
1538 3574
1539 3410
1539 3411
1539 6435
1539 6436
1540 4813
1540 5642
1540 6117
1540 6437
1541 5531
1541 5553
1541 6438
1541 6439
1541 6440
1542 4868
1542 5197
1542 5640
1542 6441
1543 5523
1543 6442
1544 6443
1544 6444
1545 6095
1545 6445
1545 6446
1545 6447
1546 5535
1546 6448
1546 6449
1547 3893
1547 6061
1547 6450
1547 6451
1547 6452
1548 3579
1548 3581
1548 6453
1549 5213
1549 6454
1549 6455
1550 3364
1550 5640
1550 6117
1550 6456
1551 6457
1551 6458
1551 6459
1552 5642
1552 6124
1552 6460
1553 6284
1553 6461
1553 6462
1554 3158
1554 3159
1554 3161
1554 3721
1555 5524
1555 6463
1556 6464
1556 6465
1556 6466
1557 6467
1557 6468
1557 6469
1557 6470
1558 3154
1558 3157
1558 3399
1558 6471
1559 3247
1559 3729
1559 5215
1559 6472
1559 6473
1559 6474
1560 5124
1560 6475
1560 6476
1561 6477
1561 6478
1561 6479
1562 3809
1562 6480
1563 3113
1563 3625
1563 5350
1563 6082
1564 6059
1564 6481
1564 6482
1565 5201
1565 5650
1565 6483
1566 5650
1566 6273
1566 6484
1567 3397
1567 3927
1567 6485
1567 6486
1567 6487
1568 5738
1568 6488
1569 5057
1569 6109
1569 6489
1570 5571
1570 6248
1570 6490
1570 6491
1571 6337
1571 6492
1571 6493
1571 6494
1572 5252
1572 6495
1572 6496
1572 6497
1572 6498
1572 6499
1573 3026
1573 3177
1573 5506
1573 6500
1573 6501
1574 3097
1574 6090
1574 6502
1574 6503
1574 6504
1575 5857
1575 5858
1575 5860
1575 6505
1576 6506
1576 6507
1576 6508
1576 6509
1576 6510
1576 6511
1576 6512
1576 6513
1576 6514
1576 6515
1576 6516
1577 5357
1577 5761
1577 5853
1577 6152
1577 6493
1578 5642
1578 6460
1579 5823
1579 6517
1579 6518
1579 6519
1579 6520
1579 6521
1580 6136
1580 6137
1580 6138
1580 6141
1580 6522
1581 3401
1581 6523
1581 6524
1581 6525
1582 3154
1582 3399
1583 5446
1583 6124
1583 6337
1583 6526
1583 6527
1583 6528
1583 6529
1584 3397
1584 3927
1584 5138
1584 6486
1584 6487
1584 6530
1585 3142
1585 3144
1585 3712
1585 6531
1585 6532
1585 6533
1586 4992
1586 6534
1586 6535
1587 6127
1587 6129
1587 6536
1588 4646
1588 6537
1588 6538
1589 6539
1589 6540
1589 6541
1590 5745
1590 6063
1590 6281
1590 6542
1590 6543
1591 5529
1591 6252
1591 6544
1591 6545
1591 6546
1591 6547
1591 6548
1591 6549
1591 6550
1591 6551
1592 6110
1592 6234
1592 6552
1592 6553
1593 5262
1593 6554
1594 3098
1594 3099
1594 4113
1594 4368
1594 4476
1594 6428
1594 6555
1595 6137
1595 6556
1596 5524
1596 6557
1597 4813
1597 5640
1597 6558
1597 6559
1598 3721
1598 6560
1598 6561
1598 6562
1599 6563
1599 6564
1599 6565
1599 6566
1599 6567
1600 5045
1600 6568
1600 6569
1600 6570
1601 3158
1601 3159
1601 3161
1601 3721
1601 6571
1602 5613
1602 6572
1602 6573
1602 6574
1602 6575
1603 4961
1603 6576
1603 6577
1604 3721
1604 6578
1604 6579
1604 6580
1605 6581
1606 5720
1606 6582
1606 6583
1607 3519
1607 6584
1608 6585
1608 6586
1608 6587
1609 4324
1609 6588
1609 6589
1610 5823
1610 6517
1610 6590
1610 6591
1611 6592
1611 6593
1611 6594
1611 6595
1611 6596
1611 6597
1611 6598
1611 6599
1611 6600
1612 4202
1612 6601
1612 6602
1612 6603
1613 3142
1613 3712
1613 6532
1613 6604
1613 6605
1613 6606
1614 6607
1614 6608
1614 6609
1615 3892
1615 6093
1615 6094
1615 6610
1616 5427
1616 6611
1616 6612
1616 6613
1617 3247
1617 5722
1617 6614
1617 6615
1617 6616
1618 3979
1618 6424
1618 6617
1618 6618
1619 4868
1619 4869
1619 5197
1619 6441
1619 6619
1620 5095
1620 6620
1620 6621
1620 6622
1620 6623
1621 5197
1621 5640
1621 6441
1622 5346
1622 6539
1623 5637
1623 6624
1624 6567
1624 6625
1624 6626
1625 5628
1625 6556
1625 6627
1625 6628
1626 5646
1626 6629
1626 6630
1626 6631
1626 6632
1626 6633
1627 6576
1627 6634
1628 3155
1628 3979
1628 6635
1629 5730
1629 5839
1629 6636
1630 3721
1630 5496
1630 6244
1630 6637
1631 3610
1631 6062
1631 6638
1631 6639
1632 4813
1632 6110
1632 6234
1632 6640
1632 6641
1633 4812
1633 4813
1633 4814
1633 6287
1633 6642
1634 6643
1634 6644
1634 6645
1635 3628
1635 4868
1635 6646
1636 3569
1636 3892
1636 5197
1636 6080
1637 5730
1637 5839
1637 6647
1638 5046
1638 6270
1638 6648
1638 6649
1639 5651
1639 6650
1639 6651
1640 6652
1641 6653
1641 6654
1641 6655
1642 3564
1642 4845
1642 5518
1642 6656
1642 6657
1643 6658
1643 6659
1643 6660
1644 6316
1644 6318
1644 6661
1644 6662
1644 6663
1644 6664
1645 5199
1645 5650
1645 6665
1645 6666
1645 6667
1645 6668
1645 6669
1645 6670
1645 6671
1645 6672
1646 5634
1646 5650
1646 6666
1646 6673
1646 6674
1646 6675
1646 6676
1646 6677
1647 5199
1647 6064
1647 6678
1647 6679
1647 6680
1647 6681
1647 6682
1647 6683
1648 5201
1648 5759
1648 6684
1648 6685
1648 6686
1648 6687
1648 6688
1649 5091
1649 6120
1649 6689
1649 6690
1649 6691
1650 5195
1650 6216
1650 6399
1650 6692
1650 6693
1650 6694
1650 6695
1650 6696
1651 3157
1651 3475
1651 3721
1651 6697
1651 6698
1651 6699
1651 6700
1651 6701
1651 6702
1652 6703
1652 6704
1652 6705
1652 6706
1653 3155
1653 5263
1653 6263
1653 6707
1654 5558
1654 6708
1655 6709
1655 6710
1655 6711
1656 5433
1656 6712
1656 6713
1657 6714
1657 6715
1657 6716
1657 6717
1657 6718
1657 6719
1658 5558
1658 6720
1658 6721
1658 6722
1658 6723
1659 5642
1659 6724
1660 5840
1660 6098
1660 6725
1661 6726
1661 6727
1661 6728
1661 6729
1662 6667
1662 6668
1662 6669
1662 6671
1662 6730
1662 6731
1662 6732
1663 5742
1663 6202
1663 6477
1663 6733
1663 6734
1664 3424
1664 4760
1664 4763
1664 5303
1664 6494
1664 6735
1664 6736
1664 6737
1664 6738
1664 6739
1664 6740
1664 6741
1664 6742
1664 6743
1664 6744
1665 5151
1665 6745
1665 6746
1666 6747
1666 6748
1667 5086
1667 5201
1667 5930
1667 6749
1667 6750
1667 6751
1667 6752
1667 6753
1668 5455
1668 6288
1668 6754
1668 6755
1668 6756
1668 6757
1669 6758
1669 6759
1669 6760
1669 6761
1670 5553
1670 5840
1670 6762
1670 6763
1670 6764
1670 6765
1671 6289
1671 6290
1671 6766
1671 6767
1671 6768
1671 6769
1672 6235
1672 6770
1672 6771
1672 6772
1673 6773
1674 3435
1674 5247
1675 3075
1675 3707
1675 6774
1676 6775
1676 6776
1676 6777
1677 5523
1677 5828
1677 6778
1678 6236
1678 6779
1678 6780
1679 5089
1679 5469
1679 5470
1679 6781
1679 6782
1679 6783
1679 6784
1679 6785
1679 6786
1680 5536
1680 6787
1680 6788
1681 5126
1681 5635
1681 5730
1681 6789
1682 5553
1682 6790
1682 6791
1683 5097
1683 5250
1683 5616
1683 6792
1684 6793
1685 3098
1685 3739
1685 3918
1685 5624
1685 6794
1686 5588
1686 5748
1686 6067
1686 6795
1687 5353
1687 6796
1688 6797
1688 6798
1689 3233
1689 5292
1690 3236
1691 5638
1691 5742
1692 3892
1692 5057
1692 5466
1692 6799
1693 3892
1693 5466
1693 6110
1693 6800
1694 3239
1694 6801
1695 5166
1695 6802
1695 6803
1696 6357
1696 6804
1697 3424
1697 5303
1697 5402
1697 5659
1697 6271
1698 6805
1698 6806
1699 4747
1699 5536
1700 5435
1700 6085
1701 5036
1701 5376
1702 5213
1702 5524
1702 5638
1702 6807
1702 6808
1703 5213
1703 5524
1703 6458
1703 6808
1703 6809
1703 6810
1704 6749
1705 5052
1705 6811
1706 6812
1706 6813
1707 5216
1708 6814
1708 6815
1708 6816
1708 6817
1708 6818
1708 6819
1708 6820
1708 6821
1708 6822
1709 6823
1710 3097
1710 3651
1711 5166
1711 6824
1711 6825
1712 6826
1713 5018
1714 5045
1714 6827
1715 5124
1715 6055
1715 6828
1715 6829
1716 5166
1716 6803
1716 6830
1717 3579
1717 3581
1717 6831
1718 5435
1718 6832
1719 3232
1719 6556
1719 6833
1719 6834
1720 5476
1720 6835
1721 3609
1721 5126
1721 5596
1721 5597
1721 5719
1721 6056
1721 6506
1721 6742
1721 6836
1721 6837
1721 6838
1722 5057
1722 5466
1722 6839
1722 6840
1723 6236
1724 5201
1724 5613
1725 3475
1725 3720
1725 5000
1725 6841
1726 5126
1726 5719
1726 6837
1727 5201
1727 5337
1727 6758
1727 6842
1728 5195
1728 5646
1728 5697
1728 5701
1728 5930
1728 6843
1729 3609
1729 5596
1730 4065
1730 4067
1730 6324
1730 6326
1731 3274
1731 6844
1732 5295
1732 6845
1733 5427
1733 6275
1734 6284
1734 6461
1735 5607
1735 6846
1735 6847
1736 3202
1736 6848
1737 3892
1737 3894
1737 5588
1737 6067
1738 5852
1738 6849
1739 3106
1739 3254
1739 6850
1740 5650
1740 6666
1741 3579
1741 3581
1741 5634
1741 6256
1741 6851
1742 5068
1742 6852
1743 5346
1743 6605
1743 6853
1744 5541
1744 6854
1745 6477
1745 6649
1745 6855
1746 5040
1746 5216
1746 5759
1746 5761
1746 6248
1746 6856
1747 6857
1747 6858
1748 3567
1748 3892
1748 3893
1748 5472
1748 5642
1749 3255
1749 3628
1749 5648
1750 3628
1750 3979
1750 5648
1750 6859
1751 5469
1751 6860
1752 5469
1752 5470
1752 6786
1752 6861
1752 6862
1752 6863
1753 4747
1753 5292
1753 5536
1754 5151
1754 6864
1755 5529
1755 6865
1756 4537
1756 4592
1756 5574
1757 6866
1757 6867
1758 5308
1758 5667
1758 6868
1758 6869
1759 6870
1759 6871
1760 5041
1760 6872
1760 6873
1760 6874
1760 6875
1760 6876
1761 4999
1761 5531
1761 5553
1761 6678
1761 6877
1761 6878
1761 6879
1761 6880
1761 6881
1762 6882
1762 6883
1763 5476
1763 5631
1763 6835
1763 6884
1763 6885
1764 6886
1764 6887
1764 6888
1765 3646
1765 6889
1765 6890
1766 3534
1766 5486
1766 5637
1766 6007
1766 6576
1766 6891
1767 5173
1767 5530
1768 5092
1768 6892
1769 5638
1769 6067
1770 5427
1770 6275
1770 6611
1770 6893
1771 5217
1771 5721
1771 6302
1772 6080
1772 6081
1772 6894
1773 5053
1773 6137
1773 6895
1774 5021
1774 6896
1775 3157
1775 3298
1775 4868
1775 5000
1775 6841
1775 6897
1776 6898
1776 6899
1777 3097
1777 3720
1777 3958
1777 5000
1778 5592
1778 5593
1778 6900
1778 6901
1779 6902
1779 6903
1779 6904
1780 3154
1780 3628
1780 3785
1780 3962
1781 5645
1781 6070
1781 6071
1781 6905
1782 3892
1782 5642
1782 5850
1782 6110
1782 6835
1783 5215
1783 5411
1783 6152
1783 6153
1783 6154
1783 6500
1784 3410
1784 6906
1784 6907
1785 3978
1785 3979
1786 5497
1786 6275
1787 3610
1787 5497
1787 6111
1788 5529
1788 6908
1789 5231
1789 5762
1789 6909
1790 3142
1790 6910
1790 6911
1791 3479
1791 5209
1791 5446
1791 6912
1792 3364
1792 3575
1792 3576
1792 3728
1792 6598
1792 6600
1792 6913
1793 5553
1793 6263
1793 6914
1794 5166
1794 5233
1794 6803
1795 3106
1795 3254
1795 3255
1796 6915
1796 6916
1796 6917
1797 3609
1797 5193
1797 6280
1797 6918
1798 5535
1798 5642
1798 6117
1798 6919
1799 3181
1799 5486
1799 5641
1799 6477
1800 3569
1800 6061
1800 6920
1800 6921
1801 3628
1801 3629
1801 4802
1801 5263
1801 5823
1801 6922
1802 6923
1802 6924
1802 6925
1802 6926
1803 6927
1803 6928
1803 6929
1803 6930
1804 3610
1804 5480
1804 6668
1804 6739
1804 6931
1805 3897
1805 6932
1805 6933
1805 6934
1806 5553
1806 5616
1806 6935
1807 6936
1807 6937
1807 6938
1807 6939
1807 6940
1807 6941
1807 6942
1807 6943
1808 6866
1808 6944
1809 5588
1809 5857
1809 5858
1809 5860
1810 5350
1810 5738
1811 6945
1811 6946
1811 6947
1812 5496
1812 6244
1812 6948
1813 5435
1813 6949
1814 3609
1814 5068
1814 5151
1814 5193
1814 5634
1814 5645
1814 5651
1814 5852
1814 6950
1814 6951
1815 5451
1815 6952
1815 6953
1815 6954
1816 5052
1816 6955
1816 6956
1816 6957
1817 3142
1817 6958
1817 6959
1817 6960
1817 6961
1818 6864
1818 6962
1818 6963
1818 6964
1818 6965
1819 3517
1819 3519
1819 6966
1820 5151
1820 6230
1820 6667
1821 5112
1821 6967
1821 6968
1821 6969
1822 6110
1822 6970
1822 6971
1822 6972
1823 4065
1823 4067
1823 6324
1823 6326
1824 5640
1824 6276
1824 6973
1824 6974
1825 5558
1825 6078
1825 6079
1825 6975
1825 6976
1826 6890
1826 6977
1827 4536
1827 5659
1827 6978
1828 3892
1828 5642
1829 5518
1829 6110
1830 3927
1830 5138
1830 5660
1830 5661
1830 6486
1830 6979
1831 3979
1831 5648
1831 6115
1831 6423
1832 6770
1832 6980
1833 5346
1833 6539
1834 5466
1834 6981
1835 3628
1835 3629
1836 5420
1836 6982
1836 6983
1836 6984
1836 6985
1837 3893
1837 6986
1837 6987
1837 6988
1837 6989
1838 4950
1838 4992
1838 5837
1838 6808
1839 5126
1839 5440
1839 6247
1840 6990
1840 6991
1840 6992
1841 3927
1841 5138
1841 5660
1841 5661
1841 6486
1841 6979
1842 5057
1842 6234
1843 6304
1843 6993
1844 5261
1844 5262
1844 6994
1844 6995
1845 4628
1845 5193
1845 5420
1845 6500
1846 5616
1846 6996
1847 3610
1847 5480
1847 6668
1847 6739
1847 6931
1848 3610
1848 4298
1848 6021
1848 6997
1848 6998
1849 3040
1849 3142
1849 6960
1849 6999
1850 5045
1850 7000
1850 7001
1850 7002
1851 5350
1851 5738
1852 5167
1852 6845
1852 7003
1852 7004
1853 5466
1853 6981
1853 7005
1854 3927
1854 5138
1854 5656
1854 5661
1854 6530
1854 7006
1855 3628
1855 6928
1855 6929
1855 6930
1856 3809
1856 7007
1857 5337
1857 6537
1857 6538
1858 5823
1858 7008
1858 7009
1858 7010
1859 5266
1859 6782
1860 5640
1860 6117
1860 7011
1861 5095
1861 7012
1862 3098
1862 6674
1862 7013
1863 7014
1863 7015
1863 7016
1863 7017
1864 5195
1864 5638
1864 6771
1865 3236
1865 3567
1865 3723
1865 4505
1865 7018
1866 7019
1866 7020
1866 7021
1867 3247
1867 7022
1867 7023
1867 7024
1868 5346
1868 6605
1869 5193
1869 5650
1869 5834
1869 6273
1870 5487
1870 6776
1871 6866
1871 6944
1872 5044
1872 6097
1872 7025
1873 7026
1873 7027
1873 7028
1873 7029
1873 7030
1874 7031
1874 7032
1874 7033
1874 7034
1875 6318
1875 7035
1876 5446
1876 6319
1876 6337
1876 6492
1877 7036
1877 7037
1878 7038
1878 7039
1878 7040
1878 7041
1878 7042
1879 5231
1879 5762
1879 7043
1879 7044
1879 7045
1880 4595
1880 7046
1880 7047
1880 7048
1880 7049
1881 3424
1881 5195
1881 7050
1881 7051
1882 4062
1882 5558
1882 5763
1882 7052
1882 7053
1882 7054
1882 7055
1882 7056
1883 3154
1883 3298
1883 3732
1883 7057
1883 7058
1884 7059
1884 7060
1884 7061
1885 6556
1885 6834
1885 7062
1885 7063
1885 7064
1885 7065
1886 5558
1886 7052
1886 7066
1886 7067
1887 3236
1888 4424
1889 5641
1890 5215
1890 6739
1890 6742
1890 7068
1891 6065
1892 3609
1892 3809
1892 6120
1892 6862
1892 6863
1892 7069
1892 7070
1893 3610
1893 6062
1893 6500
1893 6638
1893 6647
1894 3809
1894 7071
1895 5214
1895 5846
1895 7072
1896 5045
1896 6568
1896 7073
1896 7074
1896 7075
1897 5730
1897 5839
1898 5506
1898 6500
1898 7076
1899 7077
1899 7078
1899 7079
1900 6264
1900 7080
1900 7081
1901 5741
1901 6101
1901 7082
1902 5739
1902 5741
1902 6898
1902 7083
1903 3610
1903 3787
1903 6063
1903 6932
1903 7084
1904 6059
1904 6481
1904 7085
1905 6605
1906 5742
1906 7086
1907 5134
1907 5215
1907 5446
1907 5504
1907 6472
1908 4447
1908 5648
1908 6080
1908 6117
1908 6285
1909 3232
1909 6262
1909 6556
1909 7087
1910 3628
1910 5647
1910 6481
1910 6646
1911 7088
1911 7089
1912 3720
1912 6567
1912 7090
1912 7091
1913 6100
1913 6101
1913 6102
1913 7092
1914 3142
1914 6605
1915 7093
1915 7094
1915 7095
1916 3355
1916 3356
1916 3737
1916 7096
1916 7097
1916 7098
1916 7099
1917 3901
1917 5535
1917 6246
1917 7100
1918 5350
1918 5730
1919 7101
1919 7102
1919 7103
1919 7104
1920 5250
1920 7105
1921 3158
1921 3159
1921 3161
1921 3276
1922 7106
1922 7107
1923 5052
1923 7108
1923 7109
1923 7110
1924 5308
1924 7111
1924 7112
1924 7113
1925 5192
1925 7114
1925 7115
1925 7116
1925 7117
1925 7118
1925 7119
1925 7120
1926 7121
1926 7122
1927 3198
1927 6110
1927 6234
1928 5350
1929 7123
1930 7124
1930 7125
1931 6098
1931 6725
1932 5723
1932 6236
1932 6237
1932 6238
1932 7126
1933 5433
1933 7127
1933 7128
1933 7129
1934 6782
1934 7130
1934 7131
1934 7132
1934 7133
1934 7134
1935 5558
1935 6072
1935 6488
1935 7135
1936 5350
1936 5738
1936 7136
1937 5723
1937 7137
1937 7138
1938 5840
1938 7139
1939 5248
1939 5331
1939 7140
1939 7141
1939 7142
1940 5555
1940 7143
1940 7144
1941 7145
1941 7146
1942 7147
1942 7148
1942 7149
1943 5045
1943 6568
1943 7150
1943 7151
1943 7152
1943 7153
1944 5357
1944 6235
1944 6771
1944 7154
1945 4812
1945 4813
1945 6287
1945 7155
1946 6692
1946 7156
1946 7157
1946 7158
1946 7159
1946 7160
1947 4711
1947 7161
1948 7162
1948 7163
1948 7164
1948 7165
1949 7166
1949 7167
1949 7168
1949 7169
1950 7170
1950 7171
1951 3464
1951 3833
1951 4196
1952 3833
1952 7172
1952 7173
1952 7174
1953 3874
1953 4252
1954 7175
1955 3507
1955 5698
1955 7176
1955 7177
1955 7178
1956 3501
1956 3534
1956 7179
1956 7180
1957 7181
1957 7182
1957 7183
1958 3501
1958 5671
1959 3430
1959 3509
1959 7184
1960 7185
1960 7186
1960 7187
1960 7188
1961 7189
1961 7190
1962 7191
1963 7192
1963 7193
1964 7194
1964 7195
1964 7196
1965 4204
1965 7197
1966 7161
1966 7198
1966 7199
1966 7200
1967 7201
1967 7202
1967 7203
1967 7204
1967 7205
1967 7206
1968 5875
1968 7207
1969 7208
1969 7209
1969 7210
1970 7211
1970 7212
1970 7213
1970 7214
1970 7215
1971 3501
1971 3503
1971 7216
1971 7217
1972 5043
1972 7218
1973 4131
1973 4408
1973 7219
1973 7220
1973 7221
1973 7222
1974 7223
1974 7224
1974 7225
1974 7226
1975 7227
1975 7228
1976 3507
1976 7177
1976 7178
1976 7229
1976 7230
1977 5878
1977 7231
1977 7232
1978 3501
1978 3507
1978 6421
1978 7233
1979 7170
1979 7171
1979 7234
1980 6749
1980 7235
1980 7236
1980 7237
1981 7238
1981 7239
1981 7240
1981 7241
1982 7221
1982 7242
1982 7243
1983 7242
1983 7244
1983 7245
1983 7246
1984 7247
1984 7248
1984 7249
1985 7250
1985 7251
1985 7252
1986 7253
1986 7254
1986 7255
1987 4228
1987 5418
1987 7256
1987 7257
1987 7258
1988 3470
1988 3481
1988 7259
1988 7260
1988 7261
1989 3491
1989 7262
1990 5418
1990 7263
1991 3430
1991 3509
1991 7264
1992 7265
1992 7266
1992 7267
1993 7268
1993 7269
1993 7270
1994 7271
1994 7272
1994 7273
1994 7274
1994 7275
1994 7276
1994 7277
1995 5947
1995 5949
1995 7278
1995 7279
1995 7280
1996 4218
1996 7281
1997 7282
1997 7283
1998 7284
1998 7285
1998 7286
1998 7287
1998 7288
1998 7289
1999 3489
1999 3845
1999 4133
1999 4192
2000 3874
2000 4252
2001 4218
2001 4226
2002 4204
2002 4228
2002 7197
2003 3470
2003 3481
2003 7259
2003 7260
2004 3509
2004 7290
2005 3491
2005 7262
2006 3509
2006 3523
2006 7291
2006 7292
2007 4192
2007 7293
2008 3848
2008 7294
2009 7295
2009 7296
2010 3465
2010 7297
2011 3501
2011 7298
2012 7299
2012 7300
2012 7301
2012 7302
2013 7303
2013 7304
2014 3354
2014 3464
2014 4196
2014 7305
2014 7306
2015 3430
2015 7271
2015 7307
2016 3469
2016 4183
2016 7308
2017 3799
2017 3800
2018 7309
2019 7310
2020 3488
2021 3436
2021 3438
2021 3439
2021 3440
2021 7311
2021 7312
2022 7313
2022 7314
2023 7208
2023 7209
2023 7315
2023 7316
2024 3531
2024 7317
2025 7318
2025 7319
2025 7320
2026 7321
2026 7322
2026 7323
2026 7324
2026 7325
2027 3807
2027 3848
2027 7294
2027 7326
2028 5949
2028 7327
2028 7328
2028 7329
2029 7330
2029 7331
2030 3512
2030 3513
2031 7332
2031 7333
2032 3431
2032 3448
2032 5703
2032 7334
2033 4646
2033 7335
2033 7336
2033 7337
2033 7338
2034 4264
2034 5697
2034 5701
2034 5780
2034 7339
2035 3488
2035 7196
2035 7340
2035 7341
2036 3804
2036 7342
2037 3504
2037 3506
2037 3507
2037 7177
2038 3820
2038 7343
2038 7344
2039 6213
2039 7345
2039 7346
2040 3480
2040 7347
2041 3443
2041 4218
2041 7348
2042 3835
2042 3837
2042 4211
2042 7349
2043 3464
2043 4195
2043 4196
2043 7306
2043 7350
2043 7351
2044 3891
2044 7352
2045 3434
2045 3435
2046 7353
2046 7354
2046 7355
2046 7356
2047 3555
2047 3556
2047 7357
2047 7358
2047 7359
2048 7340
2048 7360
2048 7361
2049 7170
2049 7171
2049 7362
2050 7363
2050 7364
2050 7365
2050 7366
2051 4136
2051 5690
2052 3464
2052 3489
2052 4192
2052 4196
2052 7367
2053 7368
2053 7369
2053 7370
2053 7371
2054 5800
2054 7372
2055 5706
2055 5975
2055 7373
2055 7374
2056 3491
2056 7375
2057 4218
2057 5085
2057 7376
2057 7377
2058 3464
2058 3833
2058 4127
2059 3806
2059 7378
2060 5604
2060 7379
2061 7380
2061 7381
2061 7382
2061 7383
2062 7384
2062 7385
2062 7386
2063 3507
2063 7387
2064 5809
2065 7388
2065 7389
2065 7390
2065 7391
2065 7392
2065 7393
2066 5809
2067 5770
2067 7394
2067 7395
2067 7396
2068 4178
2068 5700
2069 7161
2069 7397
2070 7398
2070 7399
2071 7400
2071 7401
2072 5681
2072 5697
2072 6398
2073 7402
2073 7403
2074 7398
2075 3859
2075 7404
2075 7405
2076 7406
2076 7407
2076 7408
2077 5701
2077 5808
2078 3814
2078 7409
2078 7410
2078 7411
2079 3814
2079 7409
2079 7412
2079 7413
2080 5770
2080 5784
2080 7414
2081 4342
2081 5773
2081 5793
2081 7415
2082 5674
2082 7416
2082 7417
2083 7418
2083 7419
2084 5700
2084 7231
2084 7420
2084 7421
2084 7422
2084 7423
2085 5700
2086 5681
2086 5697
2086 5701
2087 5701
2087 5808
2087 7424
2088 4168
2088 7425
2088 7426
2089 3806
2089 7427
2090 3884
2090 7428
2091 5085
2091 5572
2091 6047
2092 4211
2092 5706
2092 7373
2092 7429
2093 7430
2093 7431
2094 7384
2094 7386
2095 7374
2095 7432
2095 7433
2095 7434
2096 5677
2096 5922
2096 7395
2097 3900
2097 7435
2097 7436
2097 7437
2098 7438
2098 7439
2099 7440
2100 6005
2101 3448
2101 3859
2101 4151
2101 7441
2102 7442
2102 7443
2102 7444
2103 5922
2103 6000
2103 7445
2104 4569
2104 4571
2104 7446
2104 7447
2105 6001
2105 7448
2105 7449
2105 7450
2106 5681
2106 5896
2106 5941
2106 6401
2106 7451
2107 5697
2107 7051
2107 7452
2108 6176
2108 7453
2108 7454
2109 3464
2109 4623
2109 4667
2109 4760
2109 5875
2109 7455
2110 3432
2110 4137
2110 6032
2111 6001
2111 6019
2111 7456
2111 7457
2111 7458
2112 3521
2112 4194
2112 7459
2113 4147
2113 6214
2113 7460
2114 3430
2114 3432
2114 3478
2114 4144
2114 7461
2115 4137
2115 4288
2115 4662
2115 4663
2115 4664
2116 4137
2116 6420
2117 6210
2117 6407
2117 6411
2117 7462
2117 7463
2117 7464
2118 5770
2118 5809
2118 7465
2118 7466
2118 7467
2118 7468
2119 6030
2119 7469
2119 7470
2120 5810
2120 7471
2120 7472
2120 7473
2121 3533
2121 3534
2121 5701
2121 7474
2121 7475
2122 5922
2122 7476
2122 7477
2122 7478
2122 7479
2123 5781
2123 5795
2123 7480
2123 7481
2124 5877
2124 7482
2125 5871
2125 5872
2125 7483
2125 7484
2125 7485
2126 7486
2126 7487
2126 7488
2126 7489
2127 6021
2127 7490
2127 7491
2128 5781
2128 7492
2128 7493
2129 3441
2129 5923
2129 7494
2129 7495
2129 7496
2130 5796
2130 6219
2130 7497
2130 7498
2130 7499
2131 3501
2131 4272
2131 5701
2131 6001
2131 6388
2131 7500
2132 3521
2132 3522
2132 5952
2132 5959
2132 7501
2133 6227
2133 6228
2134 6380
2134 7502
2134 7503
2134 7504
2134 7505
2135 3478
2135 3534
2135 4130
2135 5993
2135 6378
2135 7506
2135 7507
2136 3501
2136 4137
2136 6194
2136 6195
2137 3431
2137 4143
2137 4144
2137 7508
2137 7509
2138 4144
2138 4150
2138 4223
2138 4224
2138 6170
2139 3501
2139 6205
2139 6421
2140 7510
2140 7511
2140 7512
2140 7513
2141 3430
2141 3432
2141 3478
2141 7514
2141 7515
2142 6176
2142 7516
2142 7517
2142 7518
2142 7519
2142 7520
2142 7521
2142 7522
2143 5938
2143 5939
2143 6032
2143 6091
2143 7445
2143 7523
2143 7524
2143 7525
2143 7526
2144 3464
2144 4667
2144 5875
2144 7455
2144 7527
2144 7528
2144 7529
2144 7530
2144 7531
2145 6210
2145 6411
2145 7532
2146 3533
2146 7474
2146 7533
2147 4268
2147 7178
2147 7534
2147 7535
2148 5697
2148 5701
2148 6181
2148 7536
2149 3501
2149 5919
2149 7537
2149 7538
2149 7539
2150 5781
2150 5795
2150 7493
2150 7540
2150 7541
2151 3507
2151 7542
2152 4137
2152 6420
2152 7543
2153 3532
2153 3534
2153 4167
2153 6198
2153 7544
2153 7545
2154 5912
2154 7546
2155 7547
2155 7548
2155 7549
2155 7550
2155 7551
2156 5810
2156 7552
2156 7553
2156 7554
2156 7555
2157 5680
2157 5913
2157 7556
2157 7557
2157 7558
2158 4143
2158 4245
2158 5896
2158 5902
2158 7559
2158 7560
2158 7561
2159 3430
2159 3448
2159 4144
2159 6032
2159 6351
2159 7562
2160 5671
2160 5706
2160 7446
2160 7563
2161 3431
2161 4143
2161 5784
2161 5912
2162 7077
2162 7564
2162 7565
2163 3428
2163 5700
2163 7566
2163 7567
2164 4272
2164 4273
2164 5087
2164 6855
2164 7568
2164 7569
2164 7570
2164 7571
2165 7506
2165 7562
2166 6200
2166 7572
2166 7573
2166 7574
2167 3457
2167 3817
2167 7575
2167 7576
2167 7577
2168 5916
2168 7563
2168 7578
2169 3464
2169 4667
2169 5944
2169 7455
2169 7579
2169 7580
2169 7581
2169 7582
2170 6215
2170 7583
2170 7584
2170 7585
2170 7586
2171 3448
2171 5938
2171 5939
2171 7524
2171 7525
2171 7587
2171 7588
2171 7589
2172 7385
2172 7386
2172 7590
2172 7591
2172 7592
2173 5922
2173 7484
2173 7593
2173 7594
2174 5878
2174 7595
2175 4286
2175 5959
2175 7596
2175 7597
2176 4144
2176 4424
2177 7598
2177 7599
2177 7600
2177 7601
2177 7602
2177 7603
2178 4623
2178 4624
2178 4626
2178 5875
2178 7604
2178 7605
2178 7606
2179 4129
2179 4287
2179 7544
2179 7607
2180 4137
2180 4663
2180 7608
2181 7450
2181 7458
2181 7609
2181 7610
2182 7611
2182 7612
2182 7613
2182 7614
2183 6029
2183 7615
2183 7616
2184 5681
2184 5941
2184 7451
2185 5922
2185 6348
2185 7617
2185 7618
2186 5680
2186 5939
2186 5954
2186 7557
2186 7619
2186 7620
2186 7621
2187 6003
2187 6030
2187 7469
2188 4280
2188 5787
2188 5789
2188 7622
2189 5944
2189 7623
2189 7624
2189 7625
2189 7626
2189 7627
2189 7628
2189 7629
2190 3431
2190 3521
2190 4143
2190 4194
2190 7459
2190 7630
2190 7631
2191 4143
2191 5896
2191 5902
2191 5945
2191 7559
2191 7560
2191 7561
2191 7632
2192 4569
2192 5671
2192 7446
2192 7633
2193 4167
2193 4272
2193 6198
2193 6398
2193 7634
2193 7635
2193 7636
2194 6176
2194 7518
2194 7637
2194 7638
2194 7639
2194 7640
2194 7641
2194 7642
2195 5896
2195 5922
2195 6348
2195 7643
2196 5923
2196 7644
2196 7645
2196 7646
2197 3460
2197 7647
2197 7648
2197 7649
2197 7650
2197 7651
2197 7652
2198 5902
2198 6227
2198 6228
2199 7653
2200 7087
2200 7654
2200 7655
2200 7656
2200 7657
2200 7658
2201 7659
2202 7660
2202 7661
2203 7291
2203 7662
2203 7663
2203 7664
2204 4135
2204 7665
2205 5769
2205 6185
2205 6383
2205 7666
2205 7667
2205 7668
2206 7669
2206 7670
2206 7671
2207 6421
2207 7672
2208 6001
2208 7673
2208 7674
2208 7675
2209 7676
2209 7677
2210 7678
2210 7679
2210 7680
2210 7681
2210 7682
2211 7683
2211 7684
2212 7685
2212 7686
2213 7687
2213 7688
2213 7689
2213 7690
2214 7683
2214 7691
2215 6007
2215 6421
2215 7692
2215 7693
2216 7611
2216 7612
2216 7613
2216 7614
2216 7694
2217 7695
2218 7696
2218 7697
2218 7698
2218 7699
2219 3428
2219 5700
2219 7700
2219 7701
2220 7702
2220 7703
2220 7704
2220 7705
2221 4137
2221 7706
2222 4137
2222 7543
2222 7707
2223 3423
2223 5775
2223 7708
2223 7709
2223 7710
2223 7711
2223 7712
2224 3533
2224 3534
2224 7474
2224 7533
2224 7713
2224 7714
2225 5701
2225 5800
2225 6372
2225 7500
2225 7536
2225 7715
2225 7716
2225 7717
2225 7718
2225 7719
2226 7720
2226 7721
2226 7722
2226 7723
2227 7724
2227 7725
2227 7726
2227 7727
2227 7728
2228 4623
2228 4624
2228 4626
2228 5875
2228 7729
2228 7730
2228 7731
2228 7732
2229 7448
2229 7733
2229 7734
2230 7656
2230 7735
2230 7736
2230 7737
2231 4623
2231 4624
2231 4626
2231 5875
2231 7730
2231 7738
2232 4192
2232 5703
2232 5781
2232 7334
2232 7739
2232 7740
2232 7741
2232 7742
2232 7743
2233 7744
2233 7745
2233 7746
2233 7747
2233 7748
2233 7749
2234 7750
2235 7751
2235 7752
2235 7753
2236 7754
2237 7755
2237 7756
2238 7757
2238 7758
2239 7759
2239 7760
2239 7761
2240 7762
2241 7763
2242 7764
2242 7765
2242 7766
2242 7767
2243 7768
2243 7769
2243 7770
2243 7771
2243 7772
2244 7773
2244 7774
2244 7775
2244 7776
2245 7777
2245 7778
2246 7779
2246 7780
2246 7781
2246 7782
2247 7751
2247 7753
2248 7783
2248 7784
2249 7777
2249 7778
2249 7785
2249 7786
2250 7787
2251 7231
2252 7788
2252 7789
2252 7790
2253 7791
2254 7792
2254 7793
2255 5523
2255 7794
2255 7795
2256 7796
2257 7797
2258 7798
2258 7799
2259 7800
2259 7801
2260 7802
2261 7803
2261 7804
2262 7805
2263 3354
2264 4061
2265 7806
2265 7807
2265 7808
2265 7809
2266 7810
2267 7811
2267 7812
2268 7813
2269 5674
2269 7416
2269 7814
2270 7806
2270 7809
2270 7811
2270 7812
2271 7769
2272 7815
2272 7816
2273 7817
2273 7818
2274 7819
2274 7820
2275 7821
2276 7822
2276 7823
2276 7824
2277 7825
2277 7826
2277 7827
2278 7828
2278 7829
2278 7830
2279 7803
2279 7831
2280 7832
2280 7833
2281 7834
2281 7835
2281 7836
2281 7837
2282 7838
2282 7839
2283 7840
2283 7841
2284 7842
2285 5043
2286 7843
2287 7844
2288 7845
2288 7846
2289 7847
2289 7848
2290 7849
2291 7850
2292 7851
2293 3354
2294 7852
2294 7853
2295 5370
2295 5374
2295 5816
2296 7854
2296 7855
2297 7856
2298 7857
2298 7858
2298 7859
2299 7860
2299 7861
2300 7862
2300 7863
2301 7833
2301 7864
2302 7865
2303 7866
2303 7867
2303 7868
2304 5701
2305 4178
2305 7869
2306 7870
2307 7871
2307 7872
2307 7873
2308 5817
2308 7874
2309 7875
2310 7876
2310 7877
2310 7878
2311 5808
2311 7231
2312 7195
2312 7879
2313 7394
2314 7880
2315 7804
2315 7831
2315 7881
2316 7882
2317 7883
2318 5862
2318 7884
2319 7885
2319 7886
2320 7887
2320 7888
2321 7889
2321 7890
2322 7891
2323 7892
2324 7762
2324 7893
2325 7784
2325 7894
2325 7895
2326 7773
2326 7775
2326 7896
2327 5674
2327 7897
2328 7898
2328 7899
2328 7900
2329 7901
2330 7902
2330 7903
2331 7904
2331 7905
2332 7906
2333 7907
2334 7908
2335 7909
2335 7910
2335 7911
2335 7912
2335 7913
2335 7914
2336 7915
2336 7916
2337 7917
2337 7918
2338 7919
2339 7918
2340 7805
2341 7920
2341 7921
2342 7922
2342 7923
2343 7753
2343 7924
2344 5650
2345 5040
2345 5446
2345 5582
2345 6337
2345 6492
2346 6288
2346 6290
2346 7925
2347 5536
2347 6094
2347 6654
2348 5723
2348 6065
2348 7926
2349 3720
2349 5000
2349 6809
2349 7927
2350 5053
2350 7928
2350 7929
2351 6236
2351 6956
2351 7930
2351 7931
2352 3475
2352 3720
2352 5000
2352 6841
2353 5729
2353 6098
2353 6344
2354 3898
2354 4998
2354 5040
2354 6836
2354 7932
2355 5471
2355 5472
2355 7933
2356 5158
2356 5213
2356 5638
2356 5822
2357 5193
2357 5839
2358 5201
2358 7934
2359 6805
2359 7935
2360 3172
2360 3785
2360 5849
2361 3416
2361 3643
2361 7936
2361 7937
2362 5195
2362 5646
2362 5697
2362 5701
2362 6843
2363 6861
2363 7938
2364 5837
2364 5838
2365 3721
2365 5433
2365 7939
2366 3098
2366 6674
2366 7013
2367 3117
2367 3140
2367 7940
2368 4747
2368 5536
2368 6337
2369 5201
2369 5613
2369 6085
2370 3892
2370 5472
2370 5642
2370 6123
2371 3142
2371 6911
2371 7073
2372 6477
2372 6582
2373 6477
2373 6649
2373 6855
2373 7941
2373 7942
2374 5214
2374 7943
2374 7944
2375 5823
2375 5824
2375 5825
2376 5000
2376 5197
2376 7945
2376 7946
2377 5197
2377 5634
2377 7947
2378 3236
2378 3893
2378 4053
2378 6986
2378 7948
2379 4324
2379 5465
2380 5529
2380 7949
2381 5427
2381 6552
2382 5332
2382 7950
2383 6277
2383 7951
2384 5346
2384 6605
2385 5150
2385 5308
2385 7952
2386 7953
2386 7954
2387 5138
2387 5656
2387 7955
2387 7956
2388 7957
2388 7958
2388 7959
2388 7960
2389 3892
2389 5642
2389 6123
2390 6659
2391 7961
2391 7962
2391 7963
2392 3135
2392 3154
2392 3317
2393 7964
2393 7965
2394 3100
2395 7966
2395 7967
2395 7968
2395 7969
2396 6888
2396 7970
2396 7971
2397 5271
2397 7972
2397 7973
2397 7974
2398 6341
2398 7093
2398 7975
2398 7976
2399 5435
2399 7977
2400 5201
2400 5759
2400 6084
2400 6085
2400 6483
2400 6771
2400 7978
2400 7979
2400 7980
2401 3809
2401 6120
2401 7981
2401 7982
2402 5607
2402 7983
2402 7984
2403 7985
2403 7986
2403 7987
2403 7988
2403 7989
2404 3354
2404 5701
2404 5782
2404 7990
2405 5701
2405 5808
2406 6088
2406 6797
2407 7991
2407 7992
2407 7993
2408 5975
2408 7434
2408 7994
2409 7995
2409 7996
2410 5862
2410 7997
2410 7998
2411 7999
2412 3532
2412 5955
2412 8000
2413 5784
2413 8001
2413 8002
2413 8003
2414 8004
2414 8005
2414 8006
2414 8007
2415 8008
2416 8009
2416 8010
2417 5789
2417 8011
2418 5706
2418 8012
2419 8013
2419 8014
2420 7990
2420 8015
2420 8016
2420 8017
2421 8018
2421 8019
2422 5901
2422 8020
2423 3881
2423 7400
2423 7401
2424 5706
2424 8021
2425 3874
2425 8022
2426 8023
2426 8024
2427 3491
2427 7375
2428 4178
2428 5700
2428 8025
2429 8026
2429 8027
2430 7394
2431 5701
2431 7231
2431 8028
2432 4061
2432 8029
2432 8030
2433 3354
2433 5717
2433 6047
2433 8031
2433 8032
2434 5865
2434 6033
2434 8033
2435 8019
2435 8034
2435 8035
2435 8036
2435 8037
2435 8038
2436 7907
2436 8039
2436 8040
2437 8041
2438 5701
2439 3226
2439 6362
2439 8025
2440 3242
2440 3859
2440 4151
2441 5717
2441 8042
2442 5706
2442 8043
2442 8044
2443 4702
2443 8045
2443 8046
2444 4280
2444 5682
2445 7231
2445 7996
2445 8031
2445 8032
2445 8047
2445 8048
2446 3491
2446 8049
2447 3881
2447 8050
2448 7809
2448 8051
2448 8052
2449 8053
2449 8054
2450 8055
2451 8056
2451 8057
2451 8058
2452 8059
2453 3354
2453 3833
2453 5701
2453 6237
2454 5701
2454 8060
2455 8061
2455 8062
2456 8063
2457 5717
2457 5809
2458 5784
2458 8064
2459 5674
2459 8065
2459 8066
2460 8040
2460 8067
2460 8068
2461 8069
2462 7902
2463 8070
2463 8071
2464 8072
2464 8073
2464 8074
2464 8075
2465 8076
2465 8077
2465 8078
2466 3066
2466 3124
2466 8079
2467 5723
2467 6065
2467 6238
2467 8080
2468 4546
2468 8081
2469 3752
2470 3106
2470 5486
2470 8082
2471 3074
2472 3236
2472 8083
2473 4711
2473 7157
2473 8084
2474 8085
2474 8086
2475 3289
2476 3266
2476 8081
2476 8087
2477 3213
2477 8088
2478 3651
2479 3564
2480 8089
2480 8090
2480 8091
2481 3085
2481 8092
2481 8093
2482 8094
2482 8095
2483 3618
2483 8096
2483 8097
2483 8098
2484 4537
2484 4785
2484 5723
2484 6242
2485 3098
2485 3278
2485 8099
2485 8100
2486 3098
2486 6081
2486 8101
2487 3195
2487 3648
2487 8102
2488 5487
2488 8103
2489 8104
2490 8077
2490 8105
2490 8106
2491 3124
2491 5364
2491 8107
2492 3981
2492 8108
2492 8109
2493 8110
2493 8111
2493 8112
2494 8113
2494 8114
2495 3336
2495 8115
2495 8116
2495 8117
2495 8118
2496 4552
2496 8119
2496 8120
2496 8121
2497 8122
2497 8123
2497 8124
2498 8125
2498 8126
2499 8127
2499 8128
2500 4022
2500 8129
2501 3752
2501 8130
2502 4921
2502 8131
2503 8132
2503 8133
2503 8134
2504 8135
2504 8136
2505 3651
2506 5723
2506 8137
2506 8138
2506 8139
2507 3785
2507 4047
2507 8140
2508 5723
2508 7926
2508 8141
2509 3117
2509 3969
2509 8142
2510 8143
2511 5215
2511 6142
2511 8144
2512 8144
2512 8145
2513 3203
2513 8146
2514 5722
2514 5723
2515 3107
2515 4002
2515 8147
2516 3579
2516 3581
2516 8148
2517 8149
2517 8150
2517 8151
2518 8152
2519 3034
2519 3048
2519 5487
2520 8153
2520 8154
2520 8155
2521 7462
2521 8081
2522 3835
2522 8156
2522 8157
2522 8158
2523 5193
2523 8159
2524 8160
2524 8161
2524 8162
2525 3236
2525 4054
2525 8163
2526 8164
2526 8165
2526 8166
2527 3724
2527 8167
2527 8168
2528 8169
2528 8170
2529 3097
2529 3274
2529 8171
2529 8172
2530 3274
2530 8172
2531 8173
2531 8174
2532 8175
2532 8176
2532 8177
2532 8178
2532 8179
2533 8180
2533 8181
2534 8182
2535 8183
2535 8184
2536 8185
2536 8186
2536 8187
2537 3145
2537 3668
2538 3975
2538 8188
2538 8189
2539 8190
2539 8191
2540 3261
2540 3567
2540 3893
2540 5642
2540 6061
2541 3278
2541 8192
2542 8193
2542 8194
2542 8195
2542 8196
2542 8197
2542 8198
2542 8199
2543 3106
2543 8200
2544 8201
2544 8202
2544 8203
2545 4552
2545 8204
2546 3495
2546 8205
2546 8206
2547 4350
2547 4478
2547 8207
2547 8208
2548 3090
2548 3648
2549 8209
2550 4061
2551 8210
2551 8211
2551 8212
2551 8213
2552 8214
2553 8215
2554 8216
2555 4151
2555 7419
2555 8217
2556 8218
2557 8219
2557 8220
2557 8221
2558 8222
2558 8223
2558 8224
2559 8225
2560 8226
2561 7784
2561 8227
2561 8228
2562 8229
2563 8230
2563 8231
2564 8232
2564 8233
2565 8234
2565 8235
2566 8236
2566 8237
2566 8238
2567 8239
2568 8240
2568 8241
2569 4924
2569 8242
2570 7828
2571 8243
2571 8244
2572 3026
2572 3084
2572 3177
2572 4343
2573 8203
2573 8245
2573 8246
2574 3376
2574 3379
2574 8247
2575 3642
2575 3643
2575 8248
2575 8249
2575 8250
2576 3031
2576 3254
2576 3586
2576 6846
2577 3391
2577 8251
2577 8252
2578 8253
2578 8254
2579 3026
2579 3177
2579 3680
2579 8255
2579 8256
2580 3942
2580 5472
2581 5305
2581 8257
2582 8258
2582 8259
2582 8260
2582 8261
2582 8262
2583 3577
2583 4033
2584 3981
2585 4843
2585 8263
2585 8264
2585 8265
2586 8266
2586 8267
2587 3124
2587 8268
2588 8259
2588 8262
2588 8269
2588 8270
2589 3074
2589 3106
2589 3685
2590 3132
2591 3191
2591 3192
2592 3693
2592 3944
2593 3079
2593 4843
2593 8271
2593 8272
2594 3135
2594 3154
2594 3317
2595 3289
2595 4006
2596 3336
2597 4007
2598 3791
2599 8273
2599 8274
2599 8275
2600 3117
2600 3664
2600 8276
2601 3643
2601 8277
2601 8278
2601 8279
2601 8280
2602 8153
2602 8281
2602 8282
2602 8283
2603 3094
2603 3098
2603 3099
2603 3625
2604 3094
2604 3098
2604 8284
2605 3520
2605 8285
2605 8286
2606 3097
2606 3098
2606 4113
2607 8101
2608 3676
2608 3752
2609 4812
2609 8287
2609 8288
2610 4725
2610 8289
2610 8290
2610 8291
2611 3092
2611 3102
2611 8292
2612 4553
2612 8293
2612 8294
2613 4727
2614 3985
2614 8295
2614 8296
2614 8297
2614 8298
2614 8299
2615 6081
2615 6894
2616 8300
2616 8301
2616 8302
2617 3150
2617 4079
2617 4080
2617 6760
2617 8303
2617 8304
2618 3345
2618 3346
2618 8305
2619 8185
2619 8306
2620 3240
2620 3924
2620 4817
2620 8307
2621 3314
2621 3355
2621 8308
2621 8309
2622 4552
2622 8310
2623 3797
2623 3798
2623 8311
2624 8312
2624 8313
2625 3651
2626 3944
2626 4074
2626 8314
2626 8315
2626 8316
2627 8317
2627 8318
2628 5465
2628 8319
2628 8320
2629 8321
2629 8322
2630 3274
2630 8323
2630 8324
2631 3098
2631 8325
2631 8326
2632 3148
2632 3150
2632 4150
2633 3026
2633 5836
2633 8256
2633 8327
2634 8328
2634 8329
2635 3286
2635 8330
2635 8331
2635 8332
2636 8286
2636 8333
2637 3158
2637 8334
2637 8335
2638 3158
2638 3364
2638 3718
2638 8334
2638 8336
2639 3659
2639 8337
2639 8338
2640 8339
2640 8340
2641 8341
2641 8342
2641 8343
2642 3085
2642 8344
2642 8345
2643 3097
2643 3621
2643 3622
2644 3052
2644 8346
2645 8079
2645 8347
2645 8348
2646 8076
2647 3340
2647 3773
2648 8121
2648 8349
2648 8350
2648 8351
2648 8352
2649 3172
2649 5847
2650 5629
2650 8353
2650 8354
2651 8355
2651 8356
2651 8357
2652 3192
2652 8358
2653 8359
2654 3061
2654 3727
2654 8360
2655 3295
2655 3748
2655 8361
2656 3364
2656 3365
2656 8362
2657 8363
2658 5394
2658 8364
2659 3410
2659 3411
2659 3752
2659 8365
2660 5353
2660 8366
2660 8367
2661 8368
2661 8369
2661 8370
2661 8371
2662 8372
2662 8373
2662 8374
2662 8375
2662 8376
2662 8377
2662 8378
2662 8379
2662 8380
2662 8381
2663 8382
2663 8383
2664 3280
2664 3724
2664 8384
2664 8385
2664 8386
2664 8387
2664 8388
2664 8389
2664 8390
2665 3132
2665 3583
2665 8391
2665 8392
2666 8393
2666 8394
2666 8395
2666 8396
2666 8397
2666 8398
2666 8399
2666 8400
2666 8401
2666 8402
2667 8403
2668 6408
2668 8404
2668 8405
2669 3324
2669 8406
2669 8407
2669 8408
2670 3097
2670 3154
2670 3721
2671 8409
2672 5949
2672 8410
2673 8411
2673 8412
2673 8413
2673 8414
2673 8415
2673 8416
2673 8417
2674 8418
2675 8419
2676 5815
2677 8420
2677 8421
2677 8422
2677 8423
2677 8424
2677 8425
2678 8426
2678 8427
2679 8428
2679 8429
2680 8430
2681 8431
2681 8432
2681 8433
2682 8434
2682 8435
2682 8436
2683 8437
2684 3651
2685 3085
2685 3944
2685 8314
2685 8438
2686 4576
2686 8439
2687 4545
2687 8316
2688 8440
2688 8441
2689 6142
2689 8144
2689 8442
2689 8443
2689 8444
2690 8445
2690 8446
2690 8447
2691 3213
2691 8088
2691 8448
2691 8449
2692 3085
2692 8092
2692 8450
2693 8451
2693 8452
2693 8453
2694 5394
2694 8364
2695 8122
2695 8454
2695 8455
2695 8456
2696 3031
2696 3117
2696 8457
2697 3074
2697 4026
2697 8458
2698 8459
2698 8460
2699 8461
2699 8462
2699 8463
2700 3234
2700 3692
2701 3034
2701 3048
2701 5487
2702 8464
2702 8465
2702 8466
2702 8467
2703 8089
2703 8090
2703 8091
2704 8190
2704 8191
2705 3236
2705 3567
2705 3569
2705 3893
2706 3097
2706 3098
2706 3100
2706 3721
2707 3098
2707 3154
2707 3739
2708 3278
2708 5466
2708 8468
2709 3634
2709 8469
2709 8470
2710 3213
2710 8471
2711 3571
2711 8202
2711 8472
2712 3094
2712 3098
2713 3618
2713 8098
2713 8473
2714 3098
2714 3129
2714 8101
2715 3651
2715 3752
2716 3752
2716 8474
2717 5353
2717 6796
2718 8475
2718 8476
2719 8477
2719 8478
2719 8479
2720 8153
2720 8154
2720 8480
2720 8481
2720 8482
2720 8483
2720 8484
2721 3150
2721 3626
2721 8485
2722 4404
2722 8486
2722 8487
2723 3337
2723 8488
2723 8489
2724 5335
2724 8490
2724 8491
2725 3379
2725 8247
2725 8492
2725 8493
2725 8494
2726 4372
2726 8391
2726 8495
2726 8496
2726 8497
2726 8498
2726 8499
2726 8500
2727 3278
2727 3785
2727 8501
2727 8502
2727 8503
2727 8504
2728 3066
2728 3120
2728 3124
2728 3306
2728 3307
2729 8126
2729 8505
2729 8506
2729 8507
2730 3061
2730 5657
2730 8508
2730 8509
2730 8510
2731 8511
2731 8512
2731 8513
2732 8514
2732 8515
2733 3236
2733 4054
2733 8163
2734 3203
2734 4301
2734 8516
2735 8517
2735 8518
2736 3339
2736 8070
2737 4365
2737 8519
2737 8520
2738 3893
2738 5472
2738 5642
2739 5852
2739 8521
2740 8344
2740 8522
2740 8523
2740 8524
2741 8525
2742 3579
2742 3581
2742 8526
2743 3247
2744 3135
2744 3154
2744 3317
2745 3158
2745 8334
2746 3033
2746 8527
2746 8528
2746 8529
2747 8530
2748 3168
2748 8531
2749 3329
2749 3618
2749 8532
2750 3720
2750 3990
2750 5000
2750 8533
2751 8534
2751 8535
2752 4552
2752 8121
2752 8204
2753 4482
2753 8536
2754 3129
2754 3752
2754 4950
2754 6117
2754 6434
2755 8537
2755 8538
2755 8539
2756 3752
2756 8130
2756 8540
2756 8541
2757 3135
2757 3154
2757 8542
2758 8543
2758 8544
2758 8545
2759 8546
2759 8547
2760 8548
2760 8549
2760 8550
2761 8551
2761 8552
2762 3253
2762 3292
2763 5340
2763 6979
2763 8553
2763 8554
2764 3251
2764 8555
2764 8556
2765 8557
2765 8558
2765 8559
2766 5188
2766 8560
2766 8561
2767 3364
2767 3576
2767 8562
2767 8563
2767 8564
2767 8565
2768 8566
2768 8567
2769 8568
2769 8569
2769 8570
2770 3097
2770 3622
2770 8571
2771 8572
2771 8573
2771 8574
2772 8575
2773 8576
2773 8577
2774 8218
2775 7416
2775 8578
2776 8579
2776 8580
2777 8581
2777 8582
2777 8583
2778 7907
2778 8584
2779 8585
2779 8586
2780 4061
2780 7996
2781 8587
2781 8588
2782 8589
2782 8590
2783 4084
2784 3106
2784 3894
2784 8591
2785 8592
2785 8593
2786 3117
2786 3213
2786 8594
2787 5250
2787 5616
2788 4546
2788 8081
2789 4784
2789 8479
2790 3376
2790 8595
2791 8596
2791 8597
2792 7462
2792 8081
2792 8598
2793 8599
2794 3236
2794 3769
2794 8600
2795 5465
2795 8073
2795 8601
2796 4420
2796 8602
2796 8603
2797 3097
2797 3618
2797 8604
2798 8605
2798 8606
2798 8607
2799 3213
2799 4338
2800 3707
2800 3975
2800 6774
2800 8608
2801 3106
2801 3254
2801 3705
2801 8609
2802 8610
2802 8611
2802 8612
2803 3090
2803 3648
2804 8613
2804 8614
2805 3651
2806 3364
2806 3651
2807 3944
2807 4074
2807 8316
2807 8615
2808 4106
2808 4317
2808 8391
2809 3117
2809 8142
2810 4482
2810 8616
2810 8617
2811 8323
2811 8324
2811 8618
2812 8619
2812 8620
2812 8621
2812 8622
2812 8623
2813 3085
2814 3131
2814 8624
2814 8625
2815 3168
2815 8531
2816 8126
2816 8626
2817 3098
2817 3962
2817 6117
2818 4071
2818 8627
2818 8628
2818 8629
2819 4706
2819 8630
2820 8268
2820 8631
2821 8183
2821 8184
2822 8183
2822 8184
2823 3581
2823 3618
2823 8604
2824 3581
2824 3618
2824 8604
2825 3117
2825 8632
2826 8633
2826 8634
2826 8635
2827 8636
2828 4721
2828 8637
2829 8638
2829 8639
2829 8640
2830 4957
2830 8641
2830 8642
2831 8643
2831 8644
2832 3634
2833 4552
2833 8204
2834 3097
2834 3129
2834 3298
2835 4084
2835 4600
2835 8645
2836 8102
2836 8646
2836 8647
2836 8648
2836 8649
2836 8650
2836 8651
2837 7001
2837 8652
2837 8653
2838 8654
2838 8655
2838 8656
2838 8657
2838 8658
2839 3090
2840 8659
2840 8660
2841 3314
2841 4552
2842 5561
2842 8661
2842 8662
2843 8663
2843 8664
2844 8665
2844 8666
2844 8667
2844 8668
2845 8669
2845 8670
2845 8671
2846 8672
2847 3491
2847 8673
2848 8674
2848 8675
2849 8676
2849 8677
2850 8587
2851 8678
2851 8679
2852 8680
2852 8681
2853 8682
2854 5674
2854 8683
2855 8684
2856 8685
2857 8686
2857 8687
2857 8688
2858 8689
2858 8690
2858 8691
2859 8692
2859 8693
2859 8694
2859 8695
2860 3571
2860 5045
2861 8218
2862 5817
2862 8696
2862 8697
2863 8698
2863 8699
2864 8700
2864 8701
2864 8702
2865 8703
2865 8704
2866 8705
2866 8706
2866 8707
2867 8708
2867 8709
2867 8710
2867 8711
2868 6195
2868 8712
2868 8713
2868 8714
2868 8715
2869 4614
2869 4924
2869 4925
2869 8716
2869 8717
2869 8718
2870 4629
2870 4632
2870 4633
2871 4213
2871 8719
2871 8720
2872 4651
2872 8721
2872 8722
2872 8723
2872 8724
2873 3806
2873 8725
2874 4218
2874 7345
2874 8726
2874 8727
2874 8728
2874 8729
2874 8730
2875 4192
2875 5703
2875 5781
2875 7334
2875 7739
2875 7740
2875 8731
2875 8732
2877 4207
2877 4239
2877 8733
2877 8734
2877 8735
2877 8736
2878 4268
2878 7178
2878 7534
2878 8737
2878 8738
2878 8739
2878 8740
2879 4265
2879 8738
2879 8741
2880 4137
2880 7543
2880 7707
2881 4684
2881 4685
2881 7291
2881 8742
2882 3431
2882 4143
2882 8743
2882 8744
2885 3470
2885 8745
2885 8746
2885 8747
2886 3532
2886 3534
2886 4167
2886 6198
2886 7544
2886 7545
2887 7259
2887 8748
2887 8749
2888 4666
2888 8750
2888 8751
2888 8752
2890 3464
2890 3834
2890 4673
2890 8753
2890 8754
2891 3460
2891 8755
2891 8756
2891 8757
2891 8758
2891 8759
2892 3489
2892 3521
2892 4191
2892 4623
2892 8760
2893 3806
2893 3807
2893 8761
2894 3470
2894 8762
2894 8763
2895 8712
2895 8713
2895 8714
2895 8715
2895 8764
2895 8765
2895 8766
2896 8767
2896 8768
2896 8769
2897 3242
2897 6069
2897 6218
2897 7487
2899 8770
2899 8771
2899 8772
2899 8773
2900 3516
2900 3871
2901 8774
2902 8775
2902 8776
2902 8777
2903 8778
2903 8779
2903 8780
2903 8781
2904 8782
2904 8783
2904 8784
2904 8785
2904 8786
2905 8787
2905 8788
2906 8789
2906 8790
2906 8791
2907 8792
2907 8793
2908 8423
2908 8794
2909 8795
2909 8796
2909 8797
2910 7847
2910 8410
2911 8798
2911 8799
2912 8434
2912 8800
2913 8801
2913 8802
2914 8803
2914 8804
2914 8805
2915 8215
2916 8806
2916 8807
2917 8808
2918 3195
2918 3648
2918 3649
2919 3031
2919 3117
2919 8809
2920 3113
2920 3775
2921 3106
2921 8810
2922 8811
2922 8812
2923 4074
2923 4545
2923 8316
2924 3207
2924 3657
2925 3046
2925 3106
2925 3254
2925 8450
2926 3203
2926 5487
2927 7949
2927 8081
2927 8813
2927 8814
2927 8815
2928 8816
2928 8817
2929 3106
2929 3177
2929 8818
2930 3100
2931 3736
2931 3739
2931 8819
2932 3098
2932 6081
2932 6894
2933 3596
2933 3597
2933 8820
2934 3618
2934 8821
2935 3577
2935 8822
2936 5193
2936 8159
2937 3659
2937 8337
2937 8338
2938 3236
2938 8163
2938 8823
2939 3026
2939 5836
2939 8824
2940 4851
2940 4950
2940 6117
2940 6118
2941 3155
2941 3569
2941 3628
2941 3979
2941 6061
2941 8825
2942 8826
2943 3079
2943 4843
2944 3676
2944 3677
2944 3678
2944 3679
2944 8827
2945 8828
2945 8829
2946 3090
2946 4017
2947 3066
2947 3120
2947 3124
2948 3213
2948 8830
2948 8831
2948 8832
2949 3154
2949 3298
2949 3732
2949 8833
2949 8834
2950 4018
2950 8835
2951 3066
2951 3124
2951 3271
2951 8642
2952 8836
2953 3055
2953 3056
2953 3368
2954 3055
2954 3056
2954 3124
2954 3271
2954 3368
2954 3582
2955 4921
2955 8605
2955 8837
2956 3155
2956 3979
2956 8838
2956 8839
2957 8475
2957 8840
2958 4727
2958 8841
2958 8842
2958 8843
2959 3154
2959 7020
2959 8844
2959 8845
2960 8846
2961 3135
2961 3136
2961 3154
2961 3317
2961 8542
2962 8847
2962 8848
2963 8268
2963 8849
2963 8850
2964 3236
2964 8163
2964 8851
2964 8852
2964 8853
2965 8854
2965 8855
2966 3798
2966 8856
2966 8857
2967 8858
2967 8859
2967 8860
2967 8861
2967 8862
2967 8863
2967 8864
2967 8865
2968 3615
2968 3618
2968 8866
2968 8867
2969 3097
2969 3098
2969 3651
2969 3739
2970 3085
2970 3693
2970 3944
2970 8314
2970 8450
2971 3649
2971 8314
2972 3749
2972 3754
2972 8077
2973 3094
2973 3098
2973 3099
2974 5465
2974 5625
2974 8073
2974 8868
2975 3077
2975 3078
2975 4843
2976 3585
2976 8869
2977 3085
2977 8344
2977 8345
2978 3785
2978 3962
2978 3963
2978 8870
2979 3701
2979 3702
2979 8871
2980 8872
2981 8872
2982 3129
2982 3298
2982 4871
2982 8873
2983 8104
2984 3108
2984 3150
2984 6760
2985 8190
2985 8874
2985 8875
2986 3981
2986 8876
2986 8877
2987 4537
2987 8527
2987 8878
2988 3098
2988 3129
2988 8879
2989 3129
2989 3298
2989 3687
2990 4843
2990 8880
2990 8881
2991 8882
2991 8883
2992 4052
2992 5534
2992 8884
2993 3087
2993 8885
2994 3106
2994 3573
2994 8886
2994 8887
2995 8888
2996 3751
2996 4725
2997 3928
2997 8889
2997 8890
2998 8891
2998 8892
2998 8893
2998 8894
2999 3117
2999 3969
3000 3066
3000 3120
3000 3124
3000 3271
3001 3066
3001 3946
3002 4968
3002 8895
3002 8896
3003 3567
3003 3893
3003 4813
3004 8285
3004 8286
3005 3098
3005 8897
3005 8898
3006 3190
3006 3643
3006 4472
3006 8248
3006 8899
3006 8900
3006 8901
3006 8902
3006 8903
3006 8904
3007 3579
3007 3581
3007 6831
3007 8905
3008 3253
3008 3292
3009 3192
3009 8906
3009 8907
3010 3622
3010 4714
3010 8908
3011 8605
3011 8607
3011 8909
3012 8910
3012 8911
3013 3195
3013 8125
3013 8651
3013 8912
3014 5396
3014 8913
3014 8914
3014 8915
3015 3025
3015 8916
3015 8917
3015 8918
3016 8849
3016 8919
3016 8920
3017 3585
3017 8921
3017 8922
3017 8923
3018 4564
3018 8924
3018 8925
3018 8926
3018 8927
3019 4552
3019 8121
3020 4554
3020 8204
3021 7147
3022 3750
3022 4338
3022 8928
3022 8929
3022 8930
3023 8893
3023 8931
3023 8932
3024 8933
3024 8934
3024 8935
3024 8936
