3025 0
3025 734
3025 3015
3026 0
3026 8
3026 20
3026 51
3026 200
3026 233
3026 242
3026 518
3026 531
3026 731
3026 734
3026 1249
3026 1573
3026 2572
3026 2579
3026 2633
3026 2939
3027 0
3028 1
3029 1
3029 5
3030 1
3031 1
3031 5
3031 191
3031 234
3031 773
3031 1145
3031 2576
3031 2696
3031 2919
3032 2
3032 229
3032 616
3033 2
3033 2746
3034 2
3034 101
3034 121
3034 616
3034 2519
3034 2701
3035 3
3035 523
3036 3
3036 523
3037 4
3037 229
3037 609
3037 774
3037 1464
3038 4
3039 5
3039 718
3040 5
3040 1849
3041 6
3041 207
3041 349
3042 6
3042 207
3042 349
3043 6
3044 7
3044 182
3045 7
3045 182
3046 8
3046 233
3046 327
3046 595
3046 2925
3047 8
3047 200
3047 595
3048 9
3048 176
3048 555
3048 2519
3048 2701
3049 9
3049 700
3050 9
3051 9
3052 10
3052 2644
3053 10
3053 366
3054 10
3055 11
3055 42
3055 74
3055 93
3055 114
3055 220
3055 338
3055 412
3055 550
3055 564
3055 584
3055 642
3055 710
3055 711
3055 797
3055 2953
3055 2954
3056 11
3056 2953
3056 2954
3057 11
3057 42
3057 74
3057 412
3057 550
3057 584
3058 11
3058 338
3058 412
3058 564
3058 797
3059 11
3060 11
3060 710
3061 12
3061 193
3061 265
3061 1159
3061 2654
3061 2730
3062 12
3063 12
3064 13
3065 13
3066 14
3066 583
3066 2466
3066 2728
3066 2947
3066 2951
3066 3000
3066 3001
3067 14
3068 15
3068 639
3068 690
3068 724
3068 738
3069 15
3070 15
3071 16
3071 119
3072 17
3073 17
3074 17
3074 48
3074 179
3074 437
3074 518
3074 559
3074 2471
3074 2589
3074 2697
3075 17
3075 1675
3076 17
3076 179
3077 18
3077 348
3077 2975
3078 18
3078 348
3078 535
3078 2975
3079 18
3079 2593
3079 2943
3080 19
3081 19
3082 19
3083 20
3084 20
3084 349
3084 2572
3085 21
3085 186
3085 2481
3085 2642
3085 2685
3085 2692
3085 2813
3085 2970
3085 2977
3086 21
3086 186
3087 22
3087 379
3087 573
3087 2993
3088 22
3088 573
3089 22
3089 573
3090 23
3090 392
3090 2548
3090 2803
3090 2839
3090 2946
3091 23
3092 24
3092 336
3092 617
3092 2611
3093 24
3093 26
3093 539
3094 25
3094 67
3094 219
3094 752
3094 2603
3094 2604
3094 2712
3094 2973
3095 25
3095 611
3096 25
3096 31
3096 543
3096 760
3097 25
3097 76
3097 85
3097 178
3097 188
3097 206
3097 261
3097 281
3097 329
3097 356
3097 373
3097 395
3097 436
3097 687
3097 704
3097 726
3097 758
3097 929
3097 989
3097 1111
3097 1134
3097 1242
3097 1574
3097 1710
3097 1777
3097 2529
3097 2606
3097 2643
3097 2670
3097 2706
3097 2770
3097 2797
3097 2834
3097 2969
3098 25
3098 31
3098 43
3098 208
3098 219
3098 267
3098 281
3098 436
3098 543
3098 565
3098 588
3098 604
3098 699
3098 760
3098 772
3098 789
3098 980
3098 1046
3098 1071
3098 1078
3098 1103
3098 1132
3098 1210
3098 1374
3098 1469
3098 1533
3098 1594
3098 1685
3098 1862
3098 2366
3098 2485
3098 2486
3098 2603
3098 2604
3098 2606
3098 2631
3098 2706
3098 2707
3098 2712
3098 2714
3098 2817
3098 2932
3098 2969
3098 2973
3098 2988
3098 3005
3099 25
3099 208
3099 219
3099 565
3099 1594
3099 2603
3099 2973
3100 25
3100 31
3100 188
3100 189
3100 543
3100 611
3100 760
3100 1242
3100 2394
3100 2706
3100 2930
3101 25
3102 26
3102 190
3102 279
3102 539
3102 2611
3103 27
3104 27
3105 27
3105 745
3106 28
3106 52
3106 58
3106 66
3106 76
3106 181
3106 212
3106 215
3106 245
3106 254
3106 360
3106 368
3106 395
3106 400
3106 401
3106 536
3106 560
3106 563
3106 574
3106 592
3106 635
3106 640
3106 695
3106 912
3106 1029
3106 1538
3106 1739
3106 1795
3106 2470
3106 2543
3106 2589
3106 2784
3106 2801
3106 2921
3106 2925
3106 2929
3106 2994
3107 28
3107 400
3107 695
3107 2515
3108 28
3108 400
3108 2984
3109 28
3109 76
3109 215
3109 400
3109 401
3109 574
3109 695
3110 29
3111 29
3112 29
3112 729
3113 30
3113 1374
3113 1463
3113 1563
3113 2920
3114 30
3114 240
3115 30
3116 31
3117 32
3117 191
3117 234
3117 361
3117 374
3117 547
3117 785
3117 1471
3117 2367
3117 2509
3117 2600
3117 2696
3117 2786
3117 2809
3117 2825
3117 2919
3117 2999
3118 32
3119 32
3120 33
3120 95
3120 380
3120 576
3120 2728
3120 2947
3120 3000
3121 33
3122 33
3122 380
3123 33
3124 33
3124 71
3124 95
3124 380
3124 576
3124 2466
3124 2491
3124 2587
3124 2728
3124 2947
3124 2951
3124 2954
3124 3000
3125 34
3126 34
3126 80
3126 376
3126 602
3127 34
3127 346
3128 35
3129 35
3129 2714
3129 2754
3129 2834
3129 2982
3129 2988
3129 2989
3130 35
3131 36
3131 89
3131 187
3131 352
3131 566
3131 2814
3132 36
3132 187
3132 352
3132 432
3132 435
3132 647
3132 688
3132 691
3132 2590
3132 2665
3133 36
3134 36
3135 37
3135 960
3135 2392
3135 2594
3135 2744
3135 2757
3135 2961
3136 37
3136 2961
3137 37
3138 37
3139 38
3140 38
3140 46
3140 209
3140 374
3140 556
3140 785
3140 1375
3140 1534
3140 2367
3141 38
3142 39
3142 257
3142 940
3142 968
3142 1045
3142 1585
3142 1613
3142 1790
3142 1817
3142 1849
3142 1914
3142 2371
3143 39
3144 39
3144 257
3144 1585
3145 40
3145 745
3145 2537
3146 40
3146 236
3146 745
3147 40
3147 745
3148 41
3148 421
3148 2632
3149 41
3150 41
3150 210
3150 355
3150 421
3150 2617
3150 2632
3150 2721
3150 2984
3151 41
3151 210
3151 421
3152 42
3152 115
3152 221
3152 764
3153 42
3153 75
3153 213
3153 590
3154 43
3154 97
3154 122
3154 226
3154 261
3154 269
3154 407
3154 422
3154 643
3154 648
3154 732
3154 1132
3154 1210
3154 1558
3154 1582
3154 1780
3154 1883
3154 2392
3154 2594
3154 2670
3154 2707
3154 2744
3154 2757
3154 2949
3154 2959
3154 2961
3155 43
3155 706
3155 1628
3155 1653
3155 2941
3155 2956
3156 43
3157 43
3157 1558
3157 1651
3157 1775
3158 44
3158 84
3158 551
3158 622
3158 1554
3158 1601
3158 1921
3158 2637
3158 2638
3158 2745
3159 44
3159 1554
3159 1601
3159 1921
3160 44
3161 44
3161 84
3161 551
3161 1554
3161 1601
3161 1921
3162 45
3163 45
3164 45
3164 762
3165 45
3165 762
3166 45
3166 762
3167 46
3167 1447
3168 47
3168 199
3168 335
3168 401
3168 554
3168 2748
3168 2815
3169 48
3169 569
3170 48
3171 49
3171 175
3172 49
3172 175
3172 221
3172 521
3172 937
3172 966
3172 1020
3172 1044
3172 1050
3172 1051
3172 1074
3172 1137
3172 1257
3172 2360
3172 2649
3173 49
3174 50
3174 367
3174 729
3175 50
3176 50
3177 51
3177 200
3177 233
3177 242
3177 1573
3177 2572
3177 2579
3177 2929
3178 51
3178 179
3178 518
3178 559
3179 51
3179 559
3179 781
3180 52
3181 52
3181 1144
3181 1190
3181 1799
3182 52
3182 563
3183 52
3183 560
3183 695
3184 53
3184 288
3184 390
3184 434
3185 53
3186 54
3186 347
3187 54
3187 347
3188 54
3189 54
3189 347
3190 54
3190 347
3190 431
3190 3006
3191 55
3191 208
3191 248
3191 267
3191 375
3191 604
3191 772
3191 780
3191 2591
3192 55
3192 208
3192 248
3192 258
3192 375
3192 405
3192 757
3192 2591
3192 2652
3192 3009
3193 55
3194 55
3195 56
3195 225
3195 332
3195 567
3195 686
3195 2487
3195 2918
3195 3013
3196 56
3196 567
3197 57
3197 255
3197 262
3198 57
3198 1927
3199 58
3199 635
3199 734
3200 58
3200 536
3200 695
3201 59
3202 59
3202 1074
3202 1137
3202 1736
3203 60
3203 232
3203 513
3203 767
3203 1069
3203 2513
3203 2734
3203 2926
3204 60
3204 378
3205 60
3205 513
3206 60
3206 254
3206 360
3206 513
3206 613
3206 709
3207 61
3207 230
3207 285
3207 2924
3208 61
3209 62
3209 705
3210 62
3211 62
3212 63
3213 63
3213 195
3213 252
3213 759
3213 2477
3213 2691
3213 2710
3213 2786
3213 2799
3213 2948
3214 63
3215 63
3216 63
3216 195
3217 63
3218 64
3219 64
3220 64
3221 65
3221 385
3221 727
3221 746
3222 65
3222 385
3222 746
3223 65
3224 66
3224 497
3225 66
3225 497
3225 1424
3226 66
3226 449
3226 1424
3226 2439
3227 66
3227 310
3227 497
3228 66
3229 67
3229 752
3230 67
3230 752
3231 67
3232 67
3232 752
3232 1457
3232 1719
3232 1909
3233 68
3233 331
3233 1136
3233 1367
3233 1689
3234 68
3234 579
3234 721
3234 2700
3235 68
3235 288
3235 390
3236 69
3236 178
3236 263
3236 411
3236 603
3236 614
3236 788
3236 1690
3236 1865
3236 1887
3236 2378
3236 2472
3236 2525
3236 2705
3236 2733
3236 2794
3236 2938
3236 2964
3237 69
3238 70
3239 70
3239 1120
3239 1694
3240 70
3240 341
3240 342
3240 798
3240 2620
3241 70
3241 601
3242 71
3242 1342
3242 2440
3242 2897
3243 71
3244 72
3245 72
3246 73
3246 393
3246 597
3246 770
3247 73
3247 266
3247 393
3247 597
3247 770
3247 1475
3247 1559
3247 1617
3247 1867
3247 2743
3248 73
3248 393
3248 597
3249 73
3249 597
3250 74
3250 642
3250 710
3251 75
3251 213
3251 2764
3252 75
3253 75
3253 93
3253 114
3253 213
3253 338
3253 356
3253 590
3253 2762
3253 3008
3254 76
3254 395
3254 1739
3254 1795
3254 2576
3254 2801
3254 2925
3255 76
3255 212
3255 395
3255 562
3255 589
3255 751
3255 784
3255 1749
3255 1795
3256 77
3257 77
3258 77
3259 78
3260 78
3261 79
3261 180
3261 2540
3262 79
3263 80
3264 80
3265 80
3266 81
3266 1150
3266 1157
3266 2476
3267 81
3268 81
3269 82
3269 268
3269 408
3269 596
3270 82
3270 268
3270 408
3270 596
3271 82
3271 94
3271 268
3271 397
3271 408
3271 424
3271 544
3271 596
3271 769
3271 2951
3271 2954
3271 3000
3272 83
3273 83
3274 83
3274 715
3274 726
3274 989
3274 1731
3274 2529
3274 2530
3274 2630
3275 83
3275 715
3276 84
3276 1921
3277 84
3278 85
3278 216
3278 244
3278 264
3278 407
3278 1132
3278 1210
3278 2485
3278 2541
3278 2708
3278 2727
3279 85
3280 85
3280 264
3280 269
3280 407
3280 525
3280 2664
3281 86
3282 86
3283 86
3284 86
3284 754
3285 87
3286 87
3286 2635
3287 87
3288 87
3289 88
3289 196
3289 383
3289 388
3289 2475
3289 2595
3290 88
3291 89
3291 566
3292 89
3292 566
3292 2762
3292 3008
3293 90
3294 90
3295 90
3295 766
3295 2655
3296 91
3297 91
3297 1537
3298 91
3298 246
3298 269
3298 1537
3298 1775
3298 1883
3298 2834
3298 2949
3298 2982
3298 2989
3299 92
3300 92
3300 787
3301 92
3302 93
3302 114
3302 338
3303 93
3304 93
3305 94
3305 544
3306 95
3306 2728
3307 95
3307 2728
3308 95
3309 96
3310 96
3311 96
3312 97
3312 1340
3313 97
3314 97
3314 645
3314 648
3314 2621
3314 2841
3315 97
3316 97
3317 97
3317 648
3317 2392
3317 2594
3317 2744
3317 2961
3318 98
3319 98
3320 99
3321 99
3322 99
3323 100
3324 100
3324 698
3324 2669
3325 100
3326 100
3327 100
3328 101
3328 121
3329 102
3329 430
3329 510
3329 693
3329 2749
3330 102
3331 103
3332 103
3332 692
3333 104
3334 104
3335 104
3336 105
3336 249
3336 425
3336 567
3336 2495
3336 2596
3337 105
3337 425
3337 636
3337 2723
3338 105
3338 116
3338 636
3338 686
3339 106
3339 2736
3340 106
3340 2647
3341 106
3341 286
3342 106
3343 106
3343 286
3344 106
3345 107
3345 2618
3346 107
3346 2618
3347 107
3348 107
3349 107
3350 108
3350 126
3351 108
3351 126
3352 109
3353 110
3353 624
3354 110
3354 667
3354 1322
3354 1520
3354 2014
3354 2263
3354 2293
3354 2404
3354 2433
3354 2453
3355 110
3355 589
3355 699
3355 784
3355 1916
3355 2621
3356 110
3356 1916
3357 110
3357 602
3358 110
3359 111
3360 111
3361 111
3362 112
3363 112
3364 113
3364 183
3364 260
3364 418
3364 438
3364 517
3364 582
3364 1550
3364 1792
3364 2638
3364 2656
3364 2767
3364 2806
3365 113
3365 2656
3366 113
3366 418
3366 517
3367 113
3368 114
3368 2953
3368 2954
3369 114
3369 642
3370 114
3370 642
3371 114
3371 642
3372 114
3373 114
3373 642
3374 114
3375 114
3375 642
3376 115
3376 211
3376 277
3376 433
3376 698
3376 2574
3376 2790
3377 115
3377 211
3377 698
3378 115
3379 115
3379 277
3379 433
3379 2574
3379 2725
3380 115
3381 115
3382 116
3382 1373
3383 116
3384 116
3385 116
3386 117
3387 117
3388 117
3389 117
3390 118
3391 118
3391 184
3391 2577
3392 118
3393 118
3393 184
3393 707
3394 118
3394 379
3395 118
3396 120
3396 1063
3397 120
3397 1567
3397 1584
3398 120
3399 122
3399 422
3399 1558
3399 1582
3400 123
3400 256
3401 123
3401 256
3401 1114
3401 1581
3402 123
3403 123
3404 124
3405 124
3406 124
3407 124
3408 124
3409 124
3410 125
3410 1051
3410 1539
3410 1784
3410 2659
3411 125
3411 1539
3411 2659
3412 125
3413 125
3414 125
3415 126
3416 127
3416 224
3416 416
3416 417
3416 629
3416 776
3416 2361
3417 127
3417 416
3418 127
3419 127
3419 416
3420 128
3421 128
3422 128
3423 128
3423 2223
3424 129
3424 1664
3424 1697
3424 1881
3425 129
3426 129
3427 129
3428 129
3428 2163
3428 2219
3429 130
3429 1008
3430 130
3430 143
3430 1495
3430 1959
3430 1991
3430 2015
3430 2114
3430 2141
3430 2159
3431 130
3431 453
3431 1276
3431 1413
3431 2032
3431 2137
3431 2161
3431 2190
3431 2882
3432 130
3432 143
3432 1495
3432 2110
3432 2114
3432 2141
3433 131
3434 132
3434 2045
3435 132
3435 1674
3435 2045
3436 133
3436 2021
3437 133
3438 133
3438 2021
3439 133
3439 2021
3440 133
3440 2021
3441 133
3441 2129
3442 134
3442 441
3443 134
3443 441
3443 650
3443 2041
3444 135
3445 135
3445 1178
3445 1229
3445 1267
3446 135
3447 135
3447 1267
3448 136
3448 1183
3448 1307
3448 2032
3448 2101
3448 2159
3448 2171
3449 136
3449 1307
3450 136
3451 137
3452 137
3452 1502
3453 138
3454 138
3454 173
3454 444
3454 445
3455 138
3455 173
3455 444
3456 139
3457 139
3457 169
3457 306
3457 475
3457 489
3457 674
3457 1227
3457 2167
3458 139
3458 169
3459 139
3459 169
3460 139
3460 2197
3460 2891
3461 140
3462 140
3462 304
3463 140
3464 140
3464 304
3464 667
3464 1322
3464 1951
3464 2014
3464 2043
3464 2052
3464 2058
3464 2109
3464 2144
3464 2169
3464 2890
3465 141
3465 2010
3466 141
3467 141
3468 142
3469 142
3469 2016
3470 142
3470 148
3470 167
3470 495
3470 506
3470 1270
3470 1988
3470 2003
3470 2885
3470 2894
3471 143
3472 144
3473 145
3473 154
3473 314
3473 325
3473 462
3473 491
3474 145
3474 314
3474 325
3475 145
3475 154
3475 314
3475 325
3475 1651
3475 1725
3475 2352
3476 146
3477 146
3478 146
3478 1504
3478 2114
3478 2135
3478 2141
3479 147
3479 561
3479 1791
3480 147
3480 293
3480 323
3480 2040
3481 148
3481 1988
3481 2003
3482 148
3483 149
3484 149
3485 149
3486 149
3486 670
3487 150
3488 150
3488 663
3488 2020
3488 2035
3489 150
3489 158
3489 162
3489 472
3489 505
3489 1300
3489 1999
3489 2052
3489 2892
3490 151
3491 151
3491 456
3491 1989
3491 2005
3491 2056
3491 2427
3491 2446
3491 2847
3492 152
3493 152
3494 152
3495 152
3495 2546
3496 152
3497 153
3498 153
3499 153
3500 154
3500 314
3501 155
3501 296
3501 496
3501 1106
3501 1172
3501 1181
3501 1324
3501 1330
3501 1430
3501 1528
3501 1956
3501 1958
3501 1971
3501 1978
3501 2011
3501 2131
3501 2136
3501 2139
3501 2149
3502 155
3503 155
3503 296
3503 1971
3504 156
3504 1306
3504 2037
3505 156
3505 1306
3505 1339
3506 156
3506 1306
3506 2037
3507 156
3507 1172
3507 1298
3507 1306
3507 1339
3507 1955
3507 1976
3507 1978
3507 2037
3507 2063
3507 2151
3508 157
3509 157
3509 1959
3509 1991
3509 2004
3509 2006
3510 158
3511 158
3512 159
3512 319
3512 2030
3513 159
3513 319
3513 2030
3514 160
3515 160
3516 160
3516 302
3516 316
3516 2900
3517 161
3517 1819
3518 161
3519 161
3519 1139
3519 1607
3519 1819
3520 162
3520 463
3520 505
3520 2605
3521 162
3521 301
3521 472
3521 505
3521 1163
3521 1276
3521 1303
3521 1413
3521 1513
3521 2112
3521 2132
3521 2190
3521 2892
3522 162
3522 2132
3523 163
3523 2006
3524 164
3525 164
3526 164
3526 294
3526 670
3527 164
3528 164
3529 165
3530 165
3531 165
3531 2024
3532 166
3532 478
3532 655
3532 1300
3532 2153
3532 2412
3532 2886
3533 166
3533 1221
3533 1292
3533 1304
3533 2121
3533 2146
3533 2224
3534 166
3534 447
3534 1106
3534 1165
3534 1221
3534 1292
3534 1304
3534 1325
3534 1526
3534 1766
3534 1956
3534 2121
3534 2135
3534 2153
3534 2224
3534 2886
3535 166
3535 478
3535 1306
3536 167
3537 167
3537 472
3538 168
3539 168
3540 168
3541 169
3542 170
3542 299
3542 459
3542 470
3542 669
3543 170
3543 172
3543 299
3543 459
3543 470
3544 170
3545 171
3546 171
3547 171
3548 171
3549 171
3550 172
3550 442
3551 172
3551 459
3551 653
3552 173
3553 174
3554 174
3555 174
3555 2047
3556 174
3556 2047
3557 175
3557 181
3557 524
3557 737
3557 1020
3557 1050
3557 1381
3557 1538
3558 175
3558 1381
3559 175
3559 1137
3559 1257
3559 1381
3560 176
3561 176
3562 177
3562 794
3563 177
3564 177
3564 326
3564 327
3564 328
3564 511
3564 700
3564 749
3564 1642
3564 2479
3565 177
3566 177
3566 794
3567 178
3567 1748
3567 1865
3567 2540
3567 2705
3567 3003
3568 178
3569 178
3569 1362
3569 1636
3569 1800
3569 2705
3569 2941
3570 179
3571 180
3571 988
3571 2711
3571 2860
3572 180
3573 181
3573 254
3573 2994
3574 181
3574 524
3574 737
3574 1538
3575 183
3575 1792
3576 183
3576 1792
3576 2767
3577 184
3577 238
3577 2583
3577 2935
3578 185
3579 185
3579 272
3579 1548
3579 1717
3579 1741
3579 2516
3579 2742
3579 3007
3580 185
3580 516
3581 185
3581 272
3581 1548
3581 1717
3581 1741
3581 2516
3581 2742
3581 2823
3581 2824
3581 3007
3582 187
3582 2954
3583 187
3583 432
3583 2665
3584 188
3585 189
3585 350
3585 358
3585 580
3585 735
3585 738
3585 2976
3585 3017
3586 191
3586 209
3586 623
3586 2576
3587 191
3587 209
3587 243
3587 361
3588 192
3589 192
3590 192
3591 192
3591 391
3592 192
3593 193
3593 533
3594 193
3595 194
3596 194
3596 2933
3597 194
3597 2933
3598 195
3599 197
3599 365
3600 197
3600 365
3601 197
3601 365
3601 722
3602 198
3602 540
3603 198
3604 199
3604 335
3605 199
3606 201
3607 201
3608 201
3609 202
3609 864
3609 905
3609 911
3609 924
3609 973
3609 974
3609 1121
3609 1360
3609 1721
3609 1729
3609 1797
3609 1814
3609 1892
3610 202
3610 848
3610 867
3610 896
3610 977
3610 1038
3610 1089
3610 1352
3610 1385
3610 1631
3610 1787
3610 1804
3610 1847
3610 1848
3610 1893
3610 1903
3611 202
3612 203
3613 203
3614 203
3614 370
3615 204
3615 283
3615 2968
3616 204
3616 283
3617 204
3617 283
3618 204
3618 283
3618 621
3618 2483
3618 2713
3618 2749
3618 2797
3618 2823
3618 2824
3618 2934
3618 2968
3619 205
3619 736
3620 205
3621 206
3621 373
3621 2643
3622 206
3622 360
3622 373
3622 2643
3622 2770
3622 3010
3623 206
3624 207
3625 208
3625 219
3625 267
3625 1374
3625 1533
3625 1563
3625 2603
3626 210
3626 2721
3627 212
3627 793
3628 214
3628 1366
3628 1473
3628 1635
3628 1749
3628 1750
3628 1780
3628 1801
3628 1835
3628 1855
3628 1910
3628 2941
3629 214
3629 1366
3629 1473
3629 1801
3629 1835
3630 214
3631 216
3631 637
3632 217
3632 346
3632 354
3632 406
3633 217
3633 406
3633 681
3634 218
3634 2709
3634 2832
3635 220
3636 221
3637 221
3638 221
3639 222
3640 222
3641 223
3642 223
3642 2575
3643 223
3643 224
3643 646
3643 2361
3643 2575
3643 2601
3643 3006
3644 223
3645 224
3645 417
3645 613
3646 224
3646 417
3646 629
3646 776
3646 1765
3647 224
3647 417
3647 586
3647 613
3647 709
3648 225
3648 425
3648 2487
3648 2548
3648 2803
3648 2918
3649 225
3649 522
3649 2918
3649 2971
3650 226
3651 226
3651 329
3651 330
3651 429
3651 512
3651 1111
3651 1134
3651 1200
3651 1710
3651 2478
3651 2505
3651 2625
3651 2684
3651 2715
3651 2805
3651 2806
3651 2969
3652 227
3653 227
3654 228
3655 228
3655 398
3655 591
3656 229
3657 230
3657 2924
3658 230
3659 231
3659 2639
3659 2937
3660 231
3661 231
3662 231
3663 232
3664 234
3664 2600
3665 234
3665 547
3666 235
3667 235
3668 236
3668 2537
3669 236
3670 237
3671 237
3672 237
3673 239
3674 239
3675 240
3676 241
3676 276
3676 2608
3676 2944
3677 241
3677 2944
3678 241
3678 2944
3679 241
3679 738
3679 2944
3680 242
3680 2579
3681 243
3682 243
3683 244
3684 244
3684 768
3685 245
3685 368
3685 2589
3686 246
3687 246
3687 2989
3688 246
3689 246
3690 247
3691 247
3692 249
3692 425
3692 2700
3693 249
3693 328
3693 2592
3693 2970
3694 250
3694 282
3695 251
3696 251
3697 251
3698 252
3699 252
3700 253
3701 253
3701 728
3701 1153
3701 2979
3702 253
3702 1153
3702 2979
3703 253
3704 254
3705 254
3705 2801
3706 255
3706 381
3706 618
3707 255
3707 381
3707 1675
3707 2800
3708 255
3709 255
3710 256
3711 256
3712 257
3712 1585
3712 1613
3713 258
3714 258
3714 267
3714 375
3715 259
3716 259
3717 259
3717 527
3718 260
3718 2638
3719 261
3720 261
3720 356
3720 1725
3720 1777
3720 1912
3720 2349
3720 2352
3720 2750
3721 261
3721 432
3721 1242
3721 1448
3721 1554
3721 1598
3721 1601
3721 1604
3721 1630
3721 1651
3721 2365
3721 2670
3721 2706
3722 262
3723 263
3723 1865
3724 264
3724 2527
3724 2664
3725 264
3725 407
3726 265
3727 265
3727 2654
3728 265
3728 1792
3729 266
3729 393
3729 597
3729 1559
3730 269
3731 269
3732 269
3732 1883
3732 2949
3733 270
3734 270
3734 548
3734 747
3735 270
3735 1146
3735 1369
3736 271
3736 2931
3737 271
3737 608
3737 1916
3738 271
3739 271
3739 330
3739 512
3739 608
3739 765
3739 1210
3739 1685
3739 2707
3739 2931
3739 2969
3740 272
3741 273
3742 273
3743 273
3744 273
3745 274
3746 274
3747 274
3748 274
3748 766
3748 2655
3749 275
3749 2972
3750 275
3750 3022
3751 275
3751 2996
3752 276
3752 330
3752 2469
3752 2501
3752 2608
3752 2659
3752 2715
3752 2716
3752 2754
3752 2756
3753 276
3754 277
3754 433
3754 2972
3755 277
3756 277
3757 277
3757 433
3758 277
3759 278
3760 278
3761 278
3761 419
3762 278
3763 278
3763 419
3764 278
3765 278
3766 278
3767 279
3768 279
3769 280
3769 769
3769 2794
3770 280
3771 281
3771 372
3772 281
3773 282
3773 2647
3774 282
3774 289
3775 284
3775 1367
3775 2920
3776 284
3777 285
3778 285
3778 1240
3779 285
3780 285
3781 285
3782 285
3783 285
3784 286
3785 287
3785 350
3785 357
3785 358
3785 377
3785 540
3785 549
3785 1780
3785 2360
3785 2507
3785 2727
3785 2978
3786 287
3787 287
3787 357
3787 1903
3788 287
3789 288
3790 288
3791 289
3791 519
3791 539
3791 575
3791 2598
3792 289
3793 289
3794 289
3795 290
3796 290
3797 291
3797 2623
3798 291
3798 2623
3798 2966
3799 292
3799 2017
3800 292
3800 2017
3801 292
3802 293
3802 323
3803 293
3804 294
3804 2036
3805 294
3806 295
3806 469
3806 471
3806 480
3806 1287
3806 2059
3806 2089
3806 2873
3806 2893
3807 295
3807 471
3807 2027
3807 2893
3808 296
3809 296
3809 496
3809 1185
3809 1389
3809 1562
3809 1856
3809 1892
3809 1894
3809 2401
3810 296
3811 297
3812 297
3813 297
3814 297
3814 1167
3814 2078
3814 2079
3815 298
3816 298
3816 656
3817 298
3817 2167
3818 299
3819 300
3820 300
3820 464
3820 2038
3821 300
3822 301
3823 301
3823 1303
3824 301
3825 301
3826 301
3827 301
3828 302
3829 302
3830 303
3831 303
3832 303
3833 304
3833 1951
3833 1952
3833 2058
3833 2453
3834 304
3834 2890
3835 305
3835 2042
3835 2522
3836 305
3837 305
3837 2042
3838 305
3839 305
3840 306
3840 475
3840 674
3841 306
3841 460
3842 306
3842 475
3842 674
3843 306
3844 307
3845 307
3845 1999
3846 307
3847 307
3848 308
3848 668
3848 2008
3848 2027
3849 308
3850 308
3851 308
3852 309
3853 309
3854 309
3855 309
3856 310
3857 310
3858 310
3858 449
3858 497
3859 310
3859 318
3859 455
3859 486
3859 664
3859 1284
3859 2075
3859 2101
3859 2440
3860 311
3861 311
3862 311
3863 312
3864 312
3865 312
3866 313
3867 313
3868 314
3868 462
3869 315
3870 315
3870 499
3871 316
3871 2900
3872 316
3873 317
3874 317
3874 1953
3874 2000
3874 2425
3875 317
3876 318
3877 318
3878 318
3879 320
3880 320
3881 320
3881 475
3881 674
3881 1512
3881 2423
3881 2447
3882 320
3883 320
3884 321
3884 2090
3885 321
3886 322
3886 657
3887 322
3888 323
3889 324
3890 324
3891 325
3891 465
3891 2044
3892 326
3892 998
3892 1077
3892 1391
3892 1459
3892 1461
3892 1615
3892 1636
3892 1692
3892 1693
3892 1737
3892 1748
3892 1782
3892 1828
3892 2370
3892 2389
3893 326
3893 557
3893 785
3893 1145
3893 1547
3893 1748
3893 1837
3893 2378
3893 2540
3893 2705
3893 2738
3893 3003
3894 326
3894 1029
3894 1115
3894 1737
3894 2784
3895 326
3896 326
3897 327
3897 1805
3898 327
3898 349
3898 1203
3898 2354
3899 327
3900 327
3900 2097
3901 330
3901 1917
3902 330
3903 331
3904 331
3905 332
3906 332
3906 567
3906 631
3907 333
3908 333
3909 334
3910 334
3911 335
3912 336
3913 336
3914 337
3915 337
3916 337
3917 339
3918 339
3918 528
3918 1685
3919 340
3920 340
3921 340
3922 340
3923 341
3923 342
3924 341
3924 342
3924 2620
3925 341
3926 341
3927 342
3927 1567
3927 1584
3927 1830
3927 1841
3927 1854
3928 342
3928 601
3928 2997
3929 343
3930 343
3931 343
3932 343
3933 343
3934 344
3935 344
3936 345
3937 345
3938 345
3939 346
3940 346
3941 346
3942 349
3942 2580
3943 350
3944 351
3944 534
3944 620
3944 2592
3944 2626
3944 2685
3944 2807
3944 2970
3945 351
3945 534
3946 352
3946 371
3946 601
3946 681
3946 795
3946 3001
3947 352
3948 353
3949 353
3950 353
3951 353
3952 353
3953 353
3954 354
3954 406
3955 354
3956 354
3957 355
3957 421
3958 356
3958 1777
3959 357
3960 357
3961 357
3962 358
3962 1780
3962 2817
3962 2978
3963 358
3963 377
3963 679
3963 2978
3964 359
3965 359
3965 520
3965 572
3966 359
3966 520
3967 359
3967 520
3967 572
3968 360
3969 361
3969 2509
3969 2999
3970 361
3971 361
3972 362
3973 362
3974 362
3975 363
3975 2538
3975 2800
3976 363
3977 363
3978 364
3978 1785
3979 364
3979 1196
3979 1245
3979 1530
3979 1618
3979 1628
3979 1750
3979 1785
3979 1831
3979 2941
3979 2956
3980 364
3981 366
3981 552
3981 2492
3981 2584
3981 2986
3982 367
3983 367
3984 368
3985 368
3985 2614
3986 368
3986 781
3987 368
3987 538
3987 741
3988 369
3988 725
3989 369
3989 1004
3990 369
3990 2750
3991 371
3991 795
3992 371
3993 372
3993 565
3994 372
3994 565
3995 376
3995 602
3996 377
3997 378
3998 378
3999 378
4000 380
4000 576
4001 380
4002 382
4002 2515
4003 382
4004 382
4005 382
4006 383
4006 2595
4007 384
4007 2597
4008 386
4009 386
4010 387
4011 388
4012 389
4013 389
4014 389
4015 391
4016 391
4017 392
4017 2946
4018 394
4018 628
4018 2950
4019 394
4020 394
4021 396
4022 396
4022 2500
4023 397
4024 397
4025 397
4026 398
4026 2697
4027 398
4027 591
4028 399
4029 399
4030 399
4031 399
4032 402
4033 402
4033 2583
4034 402
4035 403
4035 553
4036 403
4037 403
4038 404
4039 404
4040 404
4041 404
4042 405
4043 405
4044 405
4044 595
4045 408
4046 409
4047 409
4047 2507
4048 409
4049 409
4050 410
4051 410
4052 410
4052 1122
4052 2992
4053 411
4053 2378
4054 411
4054 2525
4054 2733
4055 411
4056 411
4057 413
4058 413
4059 413
4060 414
4061 414
4061 2264
4061 2432
4061 2550
4061 2780
4062 414
4062 630
4062 1882
4063 414
4064 414
4065 415
4065 1488
4065 1490
4065 1730
4065 1823
4066 415
4066 1488
4066 1490
4067 415
4067 1488
4067 1490
4067 1730
4067 1823
4068 416
4069 417
4070 418
4071 419
4071 2818
4072 419
4073 419
4074 420
4074 641
4074 701
4074 2626
4074 2807
4074 2923
4075 420
4076 420
4077 420
4078 420
4079 421
4079 2617
4080 421
4080 2617
4081 421
4082 423
4083 423
4084 423
4084 619
4084 2783
4084 2835
4085 424
4086 424
4086 632
4087 424
4087 632
4088 426
4089 426
4090 426
4091 427
4092 427
4093 428
4094 428
4094 612
4095 428
4096 430
4097 430
4097 693
4098 430
4099 430
4099 693
4100 431
4100 575
4101 431
4102 431
4103 431
4104 431
4105 431
4106 432
4106 2808
4107 433
4108 433
4109 434
4110 435
4111 435
4112 435
4112 647
4112 688
4113 436
4113 1594
4113 2606
4114 439
4115 439
4116 440
4117 440
4118 440
4119 440
4120 442
4121 443
4122 443
4122 491
4123 444
4124 445
4125 445
4126 445
4127 446
4127 1170
4127 1326
4127 2058
4128 446
4129 447
4129 498
4129 508
4129 1213
4129 1222
4129 1348
4129 1409
4129 1411
4129 1418
4129 1526
4129 2179
4130 447
4130 1304
4130 2135
4131 447
4131 1526
4131 1973
4132 447
4132 1166
4132 1294
4132 1410
4132 1526
4133 448
4133 481
4133 488
4133 676
4133 1999
4134 448
4134 481
4134 676
4135 450
4135 2204
4136 450
4136 1169
4136 2051
4137 451
4137 509
4137 665
4137 1219
4137 1349
4137 1425
4137 1508
4137 1527
4137 2110
4137 2115
4137 2116
4137 2136
4137 2152
4137 2180
4137 2221
4137 2222
4137 2880
4138 451
4139 451
4140 451
4141 452
4142 452
4143 453
4143 1234
4143 1276
4143 1288
4143 1303
4143 1413
4143 2137
4143 2158
4143 2161
4143 2190
4143 2191
4143 2882
4144 453
4144 1213
4144 1222
4144 1273
4144 1409
4144 1411
4144 2114
4144 2137
4144 2138
4144 2159
4144 2176
4145 453
4146 453
4147 454
4147 1347
4147 1440
4147 2113
4148 454
4148 1440
4149 454
4149 1220
4150 455
4150 485
4150 486
4150 1525
4150 2138
4150 2632
4151 455
4151 1284
4151 2101
4151 2440
4151 2555
4152 455
4153 455
4154 456
4155 456
4156 457
4156 673
4157 457
4157 673
4158 457
4158 673
4159 457
4160 457
4161 457
4161 673
4162 458
4163 458
4164 458
4165 460
4166 460
4167 461
4167 475
4167 674
4167 1347
4167 2153
4167 2193
4167 2886
4168 461
4168 465
4168 640
4168 1347
4168 2088
4169 461
4169 465
4169 676
4170 461
4170 493
4171 461
4172 462
4173 463
4173 505
4174 464
4174 1331
4175 464
4176 465
4177 465
4178 466
4178 1425
4178 2068
4178 2305
4178 2428
4179 466
4179 1425
4180 466
4181 466
4182 467
4183 467
4183 2016
4184 467
4185 468
4186 468
4187 468
4188 468
4189 469
4190 470
4191 472
4191 2892
4192 472
4192 1999
4192 2007
4192 2052
4192 2232
4192 2875
4193 472
4194 472
4194 2112
4194 2190
4195 473
4195 2043
4196 473
4196 1951
4196 2014
4196 2043
4196 2052
4197 473
4198 473
4199 473
4200 474
4201 474
4202 474
4202 1612
4203 475
4203 674
4204 476
4204 1311
4204 1518
4204 1965
4204 2002
4205 476
4206 477
4206 666
4207 477
4207 489
4207 769
4207 2877
4208 477
4209 478
4210 479
4211 479
4211 2042
4211 2092
4212 479
4213 479
4213 2871
4214 480
4215 481
4216 481
4217 482
4218 483
4218 1996
4218 2001
4218 2041
4218 2057
4218 2874
4219 483
4220 484
4221 484
4222 484
4223 485
4223 1525
4223 2138
4224 485
4224 1525
4224 2138
4225 486
4226 486
4226 2001
4227 487
4228 487
4228 1311
4228 1428
4228 1518
4228 1987
4228 2002
4229 487
4230 487
4231 487
4232 487
4233 487
4234 487
4235 487
4236 488
4236 676
4237 489
4238 489
4239 490
4239 2877
4240 490
4241 490
4242 490
4243 490
4244 491
4245 492
4245 2158
4246 492
4247 492
4247 1232
4248 492
4249 493
4249 649
4250 493
4251 494
4252 494
4252 658
4252 1953
4252 2000
4253 495
4254 495
4255 496
4256 497
4257 498
4258 499
4259 500
4260 500
4261 500
4261 1440
4262 500
4263 501
4263 1218
4264 501
4264 1173
4264 1294
4264 1296
4264 1324
4264 1334
4264 1336
4264 1354
4264 1406
4264 2034
4265 501
4265 2879
4266 501
4267 501
4267 1308
4267 1337
4268 501
4268 1174
4268 1329
4268 1331
4268 2147
4268 2878
4269 502
4270 502
4271 503
4272 503
4272 2131
4272 2164
4272 2193
4273 503
4273 2164
4274 503
4275 503
4276 504
4277 504
4277 1410
4278 504
4278 1410
4279 504
4280 504
4280 1223
4280 1228
4280 1274
4280 1410
4280 2188
4280 2444
4281 505
4282 506
4283 507
4284 507
4285 507
4286 508
4286 1213
4286 1273
4286 1348
4286 1514
4286 2175
4287 508
4287 2179
4288 509
4288 2115
4289 509
4290 510
4291 510
4291 720
4292 510
4293 510
4294 510
4295 510
4296 510
4297 510
4298 511
4298 749
4298 1848
4299 512
4300 512
4301 513
4301 2734
4302 514
4303 514
4304 514
4305 514
4306 514
4307 515
4308 515
4309 516
4310 519
4311 519
4312 520
4313 521
4314 521
4314 1381
4315 521
4316 521
4317 522
4317 2808
4318 523
4319 523
4320 523
4321 524
4322 524
4323 525
4324 525
4324 1609
4324 2379
4325 525
4326 526
4327 526
4328 526
4329 527
4330 527
4331 527
4332 528
4333 528
4334 528
4335 529
4336 529
4336 782
4337 529
4337 782
4338 530
4338 2799
4338 3022
4339 530
4340 530
4341 531
4342 531
4342 1216
4342 1431
4342 2081
4343 531
4343 2572
4344 531
4345 531
4346 532
4347 533
4348 533
4349 535
4350 535
4350 2547
4351 536
4352 536
4353 537
4354 537
4355 537
4356 537
4357 537
4358 538
4359 538
4360 538
4360 741
4361 540
4362 541
4363 541
4364 541
4365 542
4365 2737
4366 542
4367 542
4368 543
4368 588
4368 760
4368 1594
4369 544
4369 769
4370 544
4371 544
4372 544
4372 2726
4373 545
4374 545
4375 546
4376 546
4377 546
4378 546
4379 546
4380 547
4380 708
4381 547
4382 547
4383 547
4384 548
4385 548
4386 548
4387 548
4387 747
4388 549
4389 550
4390 550
4391 550
4391 719
4392 550
4392 711
4393 551
4394 552
4395 553
4396 555
4397 555
4398 555
4399 556
4399 557
4399 785
4400 556
4400 1534
4401 557
4402 557
4403 557
4404 558
4404 2722
4405 560
4406 560
4407 561
4408 562
4408 1973
4409 562
4410 562
4411 562
4412 562
4413 563
4414 564
4414 642
4414 711
4415 565
4416 568
4417 569
4418 569
4419 569
4420 570
4420 2796
4421 570
4422 570
4423 571
4424 571
4424 1888
4424 2176
4425 572
4426 572
4427 574
4428 576
4429 576
4430 577
4430 578
4431 577
4431 578
4432 579
4433 579
4434 579
4435 579
4436 580
4437 581
4438 581
4439 581
4440 581
4441 582
4442 583
4443 583
4444 584
4445 585
4446 585
4447 586
4447 646
4447 1908
4448 586
4449 586
4449 646
4450 587
4451 587
4452 587
4453 588
4453 699
4454 589
4455 589
4455 699
4455 760
4455 782
4456 592
4457 592
4458 592
4459 593
4460 593
4461 594
4462 594
4463 594
4464 594
4465 598
4466 598
4467 599
4468 599
4469 599
4470 600
4471 600
4472 600
4472 3006
4473 600
4474 601
4474 795
4475 603
4476 604
4476 1594
4477 604
4478 605
4478 2547
4479 605
4480 605
4481 605
4482 606
4482 2753
4482 2810
4483 606
4484 606
4485 607
4486 607
4487 607
4488 607
4489 607
4490 608
4491 608
4492 609
4493 609
4494 610
4494 753
4495 610
4496 610
4497 610
4498 611
4499 611
4500 611
4501 611
4502 611
4503 612
4504 614
4505 614
4505 1865
4506 614
4507 615
4508 615
4509 615
4509 721
4510 616
4511 616
4512 616
4513 616
4514 617
4515 617
4516 617
4517 617
4518 618
4519 618
4520 618
4521 618
4522 618
4523 618
4524 619
4525 619
4526 619
4527 620
4528 620
4529 620
4530 621
4531 621
4532 622
4533 622
4534 622
4535 622
4536 623
4536 1827
4537 623
4537 830
4537 868
4537 880
4537 935
4537 1023
4537 1060
4537 1118
4537 1375
4537 1447
4537 1756
4537 2484
4537 2987
4538 623
4539 623
4540 623
4541 624
4542 624
4543 624
4544 624
4545 625
4545 2687
4545 2923
4546 625
4546 2468
4546 2788
4547 625
4548 626
4549 626
4550 626
4551 626
4552 627
4552 2496
4552 2545
4552 2622
4552 2752
4552 2833
4552 2841
4552 3019
4553 627
4553 2612
4554 627
4554 3020
4555 627
4556 628
4557 628
4558 629
4558 1373
4559 629
4560 630
4561 630
4562 630
4563 630
4564 631
4564 3018
4565 631
4566 632
4567 632
4568 632
4569 633
4569 689
4569 1275
4569 1408
4569 1496
4569 2104
4569 2192
4570 633
4570 689
4571 633
4571 653
4571 689
4571 1315
4571 1408
4571 1496
4571 2104
4572 633
4573 634
4574 634
4575 634
4576 635
4576 2686
4577 635
4578 635
4579 636
4580 637
4581 637
4582 637
4583 638
4584 638
4585 639
4586 639
4587 639
4588 640
4589 640
4589 695
4590 640
4591 641
4592 641
4592 1756
4593 641
4594 643
4595 643
4595 1880
4596 643
4597 643
4598 643
4599 643
4600 644
4600 2835
4601 644
4602 644
4603 645
4604 645
4605 646
4606 646
4607 646
4608 647
4608 688
4609 647
4610 647
4611 648
4612 649
4613 649
4614 650
4614 2869
4615 650
4616 650
4617 650
4618 651
4619 651
4620 651
4621 652
4622 652
4623 653
4623 2109
4623 2178
4623 2228
4623 2231
4623 2892
4624 653
4624 2178
4624 2228
4624 2231
4625 653
4626 653
4626 2178
4626 2228
4626 2231
4627 653
4628 654
4628 1363
4628 1845
4629 654
4629 2870
4630 654
4631 654
4632 654
4632 2870
4633 654
4633 671
4633 678
4633 2870
4634 655
4635 655
4636 656
4637 657
4638 657
4638 1437
4639 658
4640 659
4641 659
4642 659
4643 660
4644 660
4645 660
4646 660
4646 1588
4646 2033
4647 661
4648 661
4649 661
4650 661
4651 662
4651 2872
4652 662
4653 662
4654 662
4655 662
4656 662
4657 663
4658 663
4659 664
4660 664
4661 664
4662 665
4662 2115
4663 665
4663 1425
4663 2115
4663 2180
4664 665
4664 2115
4665 666
4666 666
4666 2888
4667 667
4667 1312
4667 2109
4667 2144
4667 2169
4668 667
4669 667
4670 667
4671 667
4672 667
4673 667
4673 2890
4674 667
4675 667
4676 668
4677 669
4678 669
4679 669
4680 670
4681 670
4681 1217
4681 1426
4682 670
4683 670
4684 671
4684 2881
4685 671
4685 2881
4686 672
4687 672
4688 672
4689 672
4690 672
4691 672
4692 672
4693 672
4694 674
4695 675
4696 675
4697 675
4698 675
4699 676
4700 676
4701 677
4702 677
4702 2443
4703 677
4704 677
4705 678
4706 679
4706 2819
4707 679
4708 679
4709 679
4710 680
4711 680
4711 1947
4711 2473
4712 680
4713 680
4714 681
4714 3010
4715 681
4716 681
4717 681
4718 682
4719 682
4720 682
4721 683
4721 2828
4722 683
4723 683
4724 683
4725 684
4725 2610
4725 2996
4726 684
4727 685
4727 2613
4727 2958
4728 685
4729 685
4730 686
4731 686
4732 686
4733 686
4734 686
4735 686
4736 686
4737 686
4738 686
4739 686
4740 687
4741 687
4742 687
4743 688
4744 689
4745 690
4746 690
4747 691
4747 1403
4747 1699
4747 1753
4747 2368
4748 691
4749 691
4750 691
4751 691
4752 691
4753 692
4754 692
4755 693
4756 693
4757 694
4758 694
4759 694
4760 694
4760 1664
4760 2109
4761 694
4761 787
4762 694
4763 694
4763 787
4763 1664
4764 694
4765 694
4766 695
4767 695
4768 696
4769 696
4769 761
4770 696
4771 696
4772 697
4773 697
4774 697
4775 697
4776 697
4777 697
4778 698
4779 699
4780 699
4781 699
4782 700
4783 700
4784 701
4784 2789
4785 701
4785 1023
4785 2484
4786 701
4787 702
4787 1059
4787 1064
4788 702
4789 702
4790 702
4791 702
4792 702
4793 702
4794 702
4795 702
4796 703
4797 703
4798 703
4799 704
4800 704
4801 704
4802 706
4802 1256
4802 1801
4803 706
4804 706
4805 707
4806 709
4806 767
4807 712
4808 712
4809 712
4810 713
4811 713
4812 714
4812 1633
4812 1945
4812 2609
4813 714
4813 1471
4813 1540
4813 1597
4813 1632
4813 1633
4813 1945
4813 3003
4814 714
4814 1633
4815 714
4816 716
4817 716
4817 2620
4818 717
4819 717
4820 718
4821 718
4822 719
4823 720
4824 722
4825 722
4826 723
4827 723
4828 724
4829 724
4830 724
4831 724
4832 724
4833 724
4834 725
4835 725
4836 726
4837 727
4838 727
4839 727
4840 728
4841 729
4842 729
4843 730
4843 2585
4843 2593
4843 2943
4843 2975
4843 2990
4844 730
4845 731
4845 1642
4846 731
4847 731
4848 732
4849 733
4850 733
4851 733
4851 1388
4851 2940
4852 733
4853 735
4854 736
4855 737
4856 737
4857 738
4858 738
4859 738
4860 739
4861 739
4862 739
4863 740
4864 740
4865 740
4866 740
4867 740
4868 742
4868 1483
4868 1542
4868 1619
4868 1635
4868 1775
4869 742
4869 1483
4869 1619
4870 742
4871 743
4871 2982
4872 743
4873 744
4874 744
4875 747
4876 747
4877 747
4878 747
4879 748
4880 748
4881 748
4882 749
4883 750
4884 751
4885 751
4886 751
4887 751
4888 751
4889 751
4890 752
4891 752
4892 754
4893 754
4894 755
4895 755
4896 755
4897 756
4898 756
4899 756
4900 757
4901 757
4902 758
4903 759
4904 760
4905 761
4906 761
4907 761
4908 761
4909 762
4910 763
4911 763
4912 763
4913 763
4914 763
4915 764
4916 764
4917 765
4918 766
4919 766
4920 768
4921 769
4921 2502
4921 2955
4922 769
4923 770
4924 771
4924 2569
4924 2869
4925 771
4925 2869
4926 771
4927 771
4928 771
4929 772
4930 772
4931 773
4932 774
4933 774
4934 775
4935 775
4936 775
4937 775
4938 776
4939 776
4940 777
4941 778
4942 778
4943 778
4944 778
4945 779
4946 779
4947 780
4948 780
4949 781
4950 783
4950 1838
4950 2754
4950 2940
4951 783
4952 783
4953 783
4954 784
4955 784
4956 784
4957 786
4957 2830
4958 786
4959 786
4960 787
4961 788
4961 1603
4962 789
4963 789
4964 789
4965 789
4966 790
4967 790
4968 791
4968 3002
4969 791
4970 792
4970 793
4971 792
4972 792
4973 793
4974 793
4975 793
4976 794
4977 795
4978 795
4979 796
4980 796
4981 796
4982 796
4983 796
4984 797
4985 798
4986 798
4987 798
4988 798
4989 798
4990 799
4991 799
4992 800
4992 861
4992 1383
4992 1586
4992 1838
4993 800
4994 801
4995 801
4996 801
4997 802
4998 802
4998 876
4998 2354
4999 803
4999 817
4999 873
4999 899
4999 924
4999 972
4999 973
4999 1011
4999 1761
5000 803
5000 833
5000 910
5000 1128
5000 1725
5000 1775
5000 1777
5000 2349
5000 2352
5000 2376
5000 2750
5001 804
5002 805
5003 805
5004 806
5004 826
5004 858
5004 865
5005 807
5006 807
5006 876
5006 1465
5007 808
5008 808
5009 809
5010 810
5010 871
5011 810
5012 810
5013 811
5014 811
5015 811
5015 839
5016 812
5017 813
5018 813
5018 865
5018 900
5018 963
5018 992
5018 1081
5018 1713
5019 814
5020 814
5021 815
5021 1774
5022 815
5023 816
5024 816
5025 816
5026 817
5026 931
5027 818
5028 818
5029 818
5030 818
5030 860
5030 862
5030 868
5031 818
5032 818
5033 819
5034 819
5035 820
5036 820
5036 918
5036 1066
5036 1701
5037 821
5037 1009
5038 821
5039 821
5040 822
5040 876
5040 896
5040 931
5040 1112
5040 1125
5040 1206
5040 1207
5040 1491
5040 1746
5040 2345
5040 2354
5041 822
5041 1083
5041 1113
5041 1206
5041 1207
5041 1760
5042 822
5043 823
5043 1972
5043 2285
5044 823
5044 1379
5044 1872
5045 824
5045 946
5045 962
5045 1043
5045 1087
5045 1091
5045 1094
5045 1109
5045 1120
5045 1251
5045 1600
5045 1714
5045 1850
5045 1896
5045 1943
5045 2860
5046 824
5046 1113
5046 1460
5046 1638
5047 825
5047 913
5047 1531
5048 825
5049 827
5050 828
5051 828
5052 828
5052 1101
5052 1705
5052 1816
5052 1923
5053 829
5053 904
5053 1021
5053 1773
5053 2350
5054 829
5055 829
5055 908
5055 1037
5056 830
5056 951
5057 830
5057 863
5057 868
5057 901
5057 909
5057 958
5057 1029
5057 1143
5057 1355
5057 1443
5057 1569
5057 1692
5057 1722
5057 1842
5058 831
5059 832
5060 832
5061 832
5062 833
5063 833
5064 834
5064 897
5064 906
5065 835
5066 835
5066 878
5067 836
5068 836
5068 1140
5068 1361
5068 1742
5068 1814
5069 837
5070 838
5071 838
5071 879
5071 975
5072 839
5073 840
5074 840
5075 840
5076 840
5077 840
5078 841
5079 841
5080 842
5081 843
5081 844
5082 843
5082 844
5083 844
5084 844
5085 845
5085 874
5085 1106
5085 1228
5085 1293
5085 1301
5085 2057
5085 2091
5086 845
5086 1027
5086 1667
5087 845
5087 2164
5088 846
5089 846
5089 898
5089 923
5089 938
5089 1068
5089 1679
5090 847
5090 893
5090 918
5090 968
5090 1066
5091 847
5091 853
5091 887
5091 893
5091 918
5091 1003
5091 1171
5091 1649
5092 848
5092 909
5092 1768
5093 848
5093 1016
5094 849
5094 914
5095 849
5095 1620
5095 1861
5096 850
5097 850
5097 1683
5098 850
5099 851
5100 851
5101 852
5102 852
5103 853
5103 886
5103 993
5103 1100
5104 854
5105 855
5106 855
5107 856
5108 856
5109 857
5110 857
5111 858
5112 858
5112 1041
5112 1821
5113 859
5114 859
5115 859
5116 861
5117 861
5118 862
5119 862
5120 862
5121 864
5122 866
5123 866
5123 892
5123 946
5123 995
5124 867
5124 1560
5124 1715
5125 867
5125 881
5125 1094
5126 867
5126 924
5126 932
5126 973
5126 1013
5126 1056
5126 1184
5126 1189
5126 1194
5126 1206
5126 1246
5126 1259
5126 1360
5126 1450
5126 1481
5126 1681
5126 1721
5126 1726
5126 1839
5127 869
5128 869
5129 869
5130 870
5130 1015
5130 1033
5131 871
5132 872
5132 920
5132 967
5132 1075
5132 1108
5132 1371
5132 1462
5133 872
5133 882
5133 920
5133 1001
5133 1462
5134 873
5134 899
5134 999
5134 1192
5134 1907
5135 874
5136 875
5136 919
5136 935
5136 965
5137 876
5137 1019
5137 1154
5137 1203
5138 877
5138 1052
5138 1152
5138 1155
5138 1584
5138 1830
5138 1841
5138 1854
5138 2387
5139 877
5140 878
5141 879
5142 880
5142 909
5142 958
5143 880
5144 881
5145 882
5146 882
5147 882
5147 967
5147 981
5147 1002
5147 1370
5148 882
5149 882
5150 883
5150 939
5150 1065
5150 2385
5151 884
5151 981
5151 1098
5151 1385
5151 1442
5151 1665
5151 1754
5151 1814
5151 1820
5152 884
5153 884
5153 892
5153 946
5154 885
5154 941
5155 885
5155 941
5156 886
5157 887
5158 887
5158 1247
5158 2356
5159 888
5160 888
5160 936
5161 889
5162 889
5163 890
5164 890
5165 890
5166 891
5166 958
5166 982
5166 1036
5166 1076
5166 1187
5166 1695
5166 1711
5166 1716
5166 1794
5167 891
5167 1852
5168 892
5169 893
5170 894
5170 954
5171 894
5171 954
5172 894
5172 954
5173 894
5173 954
5173 1072
5173 1767
5174 894
5175 895
5176 895
5176 1034
5177 895
5178 896
5178 933
5178 1015
5178 1033
5179 896
5180 897
5181 897
5182 897
5183 898
5183 916
5184 898
5185 898
5186 900
5187 902
5188 903
5188 949
5188 2766
5189 903
5190 904
5190 1260
5191 905
5192 905
5192 1925
5193 907
5193 928
5193 1032
5193 1043
5193 1117
5193 1147
5193 1797
5193 1814
5193 1845
5193 1869
5193 2357
5193 2523
5193 2936
5194 907
5194 1068
5195 907
5195 938
5195 1013
5195 1027
5195 1085
5195 1185
5195 1336
5195 1352
5195 1650
5195 1728
5195 1864
5195 1881
5195 2362
5196 910
5197 910
5197 1143
5197 1355
5197 1388
5197 1542
5197 1619
5197 1621
5197 1636
5197 2376
5197 2377
5198 911
5198 973
5199 911
5199 1019
5199 1645
5199 1647
5200 911
5200 973
5201 911
5201 972
5201 973
5201 990
5201 1025
5201 1386
5201 1565
5201 1648
5201 1667
5201 1724
5201 1727
5201 2358
5201 2369
5201 2400
5202 912
5203 913
5204 914
5205 915
5206 915
5207 916
5208 916
5209 916
5209 1202
5209 1791
5210 917
5211 917
5212 917
5213 918
5213 1049
5213 1092
5213 1110
5213 1141
5213 1142
5213 1171
5213 1186
5213 1247
5213 1536
5213 1549
5213 1702
5213 1703
5213 2356
5214 918
5214 1149
5214 1193
5214 1480
5214 1895
5214 2374
5215 919
5215 1085
5215 1194
5215 1400
5215 1451
5215 1559
5215 1783
5215 1890
5215 1907
5215 2511
5216 921
5216 959
5216 1202
5216 1206
5216 1207
5216 1707
5216 1746
5217 921
5217 959
5217 1202
5217 1478
5217 1771
5218 922
5218 970
5218 1012
5218 1053
5219 922
5219 1053
5220 923
5221 923
5222 923
5223 925
5224 925
5225 926
5226 926
5226 970
5226 1057
5226 1151
5226 1248
5227 926
5228 926
5229 927
5230 927
5231 928
5231 933
5231 1254
5231 1789
5231 1879
5232 929
5232 1006
5232 1122
5233 929
5233 1006
5233 1794
5234 929
5235 930
5236 930
5237 930
5238 930
5239 931
5240 931
5241 931
5242 932
5243 933
5243 936
5243 994
5243 1063
5244 934
5245 934
5246 934
5247 935
5247 1674
5248 936
5248 1939
5249 937
5249 966
5250 937
5250 966
5250 1129
5250 1683
5250 1920
5250 2787
5251 939
5252 939
5252 1572
5253 940
5253 981
5254 940
5254 981
5254 1002
5254 1022
5255 942
5256 942
5257 943
5258 943
5259 943
5260 944
5261 945
5261 1844
5262 945
5262 1077
5262 1248
5262 1477
5262 1593
5262 1844
5263 946
5263 1653
5263 1801
5264 946
5265 947
5266 948
5266 990
5266 1025
5266 1859
5267 950
5268 950
5269 951
5270 951
5271 951
5271 953
5271 2397
5272 952
5273 953
5274 954
5274 1072
5275 954
5275 1072
5276 955
5277 955
5277 1045
5278 956
5278 1019
5278 1203
5279 956
5280 956
5281 956
5282 956
5283 957
5284 958
5284 977
5285 958
5286 960
5287 960
5288 960
5289 961
5290 961
5291 961
5292 962
5292 1000
5292 1136
5292 1367
5292 1689
5292 1753
5293 962
5293 1041
5294 963
5295 964
5295 1024
5295 1055
5295 1090
5295 1105
5295 1732
5296 964
5297 965
5298 966
5299 967
5300 967
5301 967
5302 968
5303 969
5303 986
5303 1664
5303 1697
5304 969
5305 969
5305 986
5305 2581
5306 969
5307 970
5307 1012
5308 971
5308 1158
5308 1487
5308 1758
5308 1924
5308 2385
5309 972
5309 1112
5310 973
5311 973
5312 973
5312 1011
5313 973
5314 973
5314 974
5315 973
5315 1011
5316 975
5317 976
5318 976
5319 976
5320 978
5321 979
5322 979
5323 980
5324 980
5325 980
5326 980
5327 981
5328 981
5329 982
5330 983
5331 983
5331 1939
5332 984
5332 1127
5332 2382
5333 984
5333 1127
5334 985
5335 987
5335 1073
5335 2724
5336 987
5337 988
5337 1727
5337 1857
5338 988
5339 989
5340 990
5340 2763
5341 990
5341 1025
5341 1073
5342 991
5343 991
5344 992
5344 1073
5345 993
5346 994
5346 1012
5346 1622
5346 1743
5346 1833
5346 1868
5346 2384
5347 994
5348 994
5349 995
5350 995
5350 1000
5350 1061
5350 1084
5350 1195
5350 1259
5350 1463
5350 1563
5350 1810
5350 1851
5350 1918
5350 1928
5350 1936
5351 996
5352 997
5353 997
5353 1002
5353 1067
5353 1139
5353 1160
5353 1472
5353 1687
5353 2660
5353 2717
5354 997
5355 998
5356 998
5357 999
5357 1577
5357 1944
5358 999
5358 1261
5359 1001
5360 1002
5361 1003
5362 1004
5362 1015
5363 1004
5364 1005
5364 2491
5365 1007
5365 1064
5365 1079
5366 1007
5366 1193
5367 1007
5368 1008
5368 1393
5369 1008
5370 1008
5370 2295
5371 1008
5371 1434
5372 1008
5373 1008
5374 1008
5374 2295
5375 1008
5376 1009
5376 1701
5377 1009
5378 1010
5379 1010
5380 1010
5381 1010
5381 1277
5382 1014
5383 1014
5384 1014
5385 1014
5386 1015
5386 1026
5386 1214
5386 1269
5386 1315
5386 1328
5387 1015
5388 1016
5389 1016
5390 1016
5391 1016
5392 1017
5393 1017
5394 1018
5394 1071
5394 2658
5394 2694
5395 1018
5396 1018
5396 1042
5396 3014
5397 1018
5397 1042
5398 1018
5399 1018
5399 1071
5399 1496
5400 1019
5401 1019
5402 1019
5402 1154
5402 1249
5402 1697
5403 1019
5403 1118
5404 1019
5405 1019
5406 1020
5406 1093
5407 1020
5407 1044
5407 1050
5408 1020
5409 1021
5409 1357
5410 1022
5410 1032
5411 1023
5411 1400
5411 1783
5412 1023
5413 1024
5413 1055
5413 1090
5413 1105
5414 1024
5415 1026
5416 1027
5417 1027
5418 1027
5418 1987
5418 1990
5419 1028
5420 1028
5420 1057
5420 1084
5420 1836
5420 1845
5421 1028
5422 1030
5423 1030
5424 1030
5425 1031
5426 1031
5427 1033
5427 1124
5427 1139
5427 1616
5427 1733
5427 1770
5427 2381
5428 1033
5429 1033
5430 1034
5430 1139
5431 1034
5431 1139
5432 1035
5433 1035
5433 1656
5433 1933
5433 2365
5434 1036
5435 1036
5435 1107
5435 1700
5435 1718
5435 1813
5435 2399
5436 1037
5437 1037
5438 1037
5439 1037
5440 1038
5440 1839
5441 1038
5442 1038
5443 1038
5444 1038
5445 1038
5446 1038
5446 1089
5446 1113
5446 1192
5446 1451
5446 1583
5446 1791
5446 1876
5446 1907
5446 2345
5447 1039
5448 1039
5449 1040
5450 1040
5451 1040
5451 1815
5452 1041
5453 1041
5454 1041
5455 1041
5455 1104
5455 1668
5456 1042
5457 1043
5458 1043
5459 1043
5459 1109
5460 1043
5460 1091
5460 1109
5461 1045
5462 1045
5463 1045
5464 1046
5464 1078
5465 1046
5465 1078
5465 1103
5465 1133
5465 1211
5465 2379
5465 2628
5465 2795
5465 2974
5466 1046
5466 1078
5466 1103
5466 1692
5466 1693
5466 1722
5466 1834
5466 1853
5466 2708
5467 1047
5468 1047
5469 1048
5469 1679
5469 1751
5469 1752
5470 1048
5470 1679
5470 1752
5471 1049
5471 1092
5471 1446
5471 2355
5472 1049
5472 1199
5472 1532
5472 1748
5472 2355
5472 2370
5472 2580
5472 2738
5473 1052
5474 1052
5475 1053
5476 1053
5476 1720
5476 1763
5477 1054
5478 1054
5479 1054
5480 1056
5480 1804
5480 1847
5481 1056
5482 1056
5483 1057
5484 1058
5485 1058
5486 1059
5486 1144
5486 1190
5486 1201
5486 1427
5486 1766
5486 1799
5486 2470
5487 1060
5487 1130
5487 1870
5487 2488
5487 2519
5487 2701
5487 2926
5488 1060
5489 1061
5489 1084
5489 1390
5490 1062
5490 1088
5490 1104
5491 1062
5492 1062
5492 1088
5492 1104
5493 1062
5494 1063
5495 1063
5496 1064
5496 1079
5496 1373
5496 1448
5496 1630
5496 1812
5497 1065
5497 1465
5497 1786
5497 1787
5498 1066
5499 1066
5500 1067
5501 1068
5502 1068
5503 1068
5504 1068
5504 1907
5505 1068
5506 1068
5506 1147
5506 1239
5506 1573
5506 1898
5507 1070
5508 1070
5509 1070
5510 1070
5511 1070
5512 1071
5513 1071
5514 1074
5514 1137
5515 1074
5516 1075
5517 1076
5518 1076
5518 1192
5518 1238
5518 1402
5518 1452
5518 1642
5518 1829
5519 1076
5520 1077
5521 1080
5522 1080
5522 1258
5523 1080
5523 1243
5523 1258
5523 1543
5523 1677
5523 2255
5524 1081
5524 1476
5524 1555
5524 1596
5524 1702
5524 1703
5525 1082
5526 1083
5527 1083
5528 1086
5529 1086
5529 1138
5529 1254
5529 1591
5529 1755
5529 1788
5529 2380
5530 1086
5530 1767
5531 1086
5531 1541
5531 1761
5532 1087
5533 1091
5533 1094
5534 1092
5534 2992
5535 1094
5535 1193
5535 1546
5535 1798
5535 1917
5536 1095
5536 1191
5536 1378
5536 1403
5536 1680
5536 1699
5536 1753
5536 2347
5536 2368
5537 1095
5537 1191
5538 1096
5539 1096
5540 1096
5541 1097
5541 1744
5542 1098
5543 1098
5544 1098
5545 1099
5546 1099
5547 1099
5548 1100
5549 1100
5550 1100
5551 1100
5552 1101
5553 1101
5553 1458
5553 1541
5553 1670
5553 1682
5553 1761
5553 1793
5553 1806
5554 1102
5555 1102
5555 1940
5556 1102
5557 1102
5558 1102
5558 1208
5558 1372
5558 1654
5558 1658
5558 1825
5558 1882
5558 1886
5558 1935
5559 1102
5560 1102
5561 1103
5561 2842
5562 1104
5563 1104
5564 1104
5565 1104
5566 1104
5567 1104
5568 1104
5569 1104
5570 1104
5571 1105
5571 1451
5571 1570
5572 1106
5572 2091
5573 1107
5574 1107
5574 1756
5575 1107
5576 1107
5577 1107
5578 1109
5579 1110
5579 1116
5580 1110
5580 1116
5581 1110
5582 1112
5582 1113
5582 1125
5582 2345
5583 1112
5584 1112
5585 1114
5586 1114
5587 1114
5588 1115
5588 1686
5588 1737
5588 1809
5589 1116
5590 1116
5591 1117
5592 1119
5592 1445
5592 1778
5593 1119
5593 1778
5594 1119
5595 1120
5596 1121
5596 1721
5596 1729
5597 1121
5597 1721
5598 1121
5599 1122
5600 1122
5601 1122
5601 1373
5602 1122
5603 1123
5604 1123
5604 1382
5604 2060
5605 1124
5606 1125
5607 1125
5607 1398
5607 1465
5607 1735
5607 2402
5608 1126
5609 1126
5610 1127
5611 1127
5612 1128
5613 1128
5613 1376
5613 1535
5613 1602
5613 1724
5613 2369
5614 1128
5615 1129
5616 1129
5616 1683
5616 1806
5616 1846
5616 2787
5617 1130
5618 1131
5619 1131
5620 1131
5621 1131
5622 1131
5623 1131
5624 1132
5624 1210
5624 1685
5625 1133
5625 2974
5626 1133
5627 1135
5628 1135
5628 1625
5629 1136
5629 2650
5630 1138
5631 1138
5631 1393
5631 1763
5632 1139
5633 1140
5634 1140
5634 1646
5634 1741
5634 1814
5634 2377
5635 1141
5635 1189
5635 1255
5635 1681
5636 1141
5637 1142
5637 1623
5637 1766
5638 1142
5638 1186
5638 1197
5638 1201
5638 1247
5638 1456
5638 1691
5638 1702
5638 1769
5638 1864
5638 2356
5639 1143
5640 1143
5640 1355
5640 1542
5640 1550
5640 1597
5640 1621
5640 1824
5640 1860
5641 1144
5641 1190
5641 1799
5641 1889
5642 1145
5642 1199
5642 1391
5642 1459
5642 1532
5642 1540
5642 1552
5642 1578
5642 1659
5642 1748
5642 1782
5642 1798
5642 1828
5642 2370
5642 2389
5642 2540
5642 2738
5643 1146
5644 1146
5645 1146
5645 1369
5645 1469
5645 1781
5645 1814
5646 1147
5646 1352
5646 1626
5646 1728
5646 2362
5647 1148
5647 1910
5648 1148
5648 1387
5648 1470
5648 1749
5648 1750
5648 1831
5648 1908
5649 1149
5649 1480
5650 1150
5650 1157
5650 1565
5650 1566
5650 1645
5650 1646
5650 1740
5650 1869
5650 2344
5651 1150
5651 1356
5651 1639
5651 1814
5652 1150
5652 1192
5653 1151
5654 1151
5655 1151
5656 1152
5656 1854
5656 2387
5657 1152
5657 2730
5658 1154
5659 1154
5659 1250
5659 1464
5659 1697
5659 1827
5660 1155
5660 1830
5660 1841
5661 1155
5661 1830
5661 1841
5661 1854
5662 1155
5663 1155
5664 1156
5665 1156
5666 1157
5667 1158
5667 1487
5667 1758
5668 1159
5669 1159
5670 1160
5671 1161
5671 1310
5671 1408
5671 1496
5671 1522
5671 1958
5671 2160
5671 2192
5672 1162
5673 1162
5674 1163
5674 1320
5674 2082
5674 2269
5674 2327
5674 2459
5674 2854
5675 1163
5676 1163
5677 1164
5677 1225
5677 1289
5677 2096
5678 1164
5679 1165
5680 1165
5680 1439
5680 2157
5680 2186
5681 1165
5681 1299
5681 1305
5681 2072
5681 2086
5681 2106
5681 2184
5682 1166
5682 1173
5682 1353
5682 1510
5682 1511
5682 1516
5682 1517
5682 2444
5683 1167
5684 1167
5685 1167
5686 1168
5687 1168
5688 1168
5689 1168
5690 1169
5690 2051
5691 1169
5692 1169
5693 1169
5694 1170
5695 1171
5696 1171
5697 1172
5697 1218
5697 1294
5697 1324
5697 1329
5697 1331
5697 1334
5697 1352
5697 1417
5697 1435
5697 1509
5697 1514
5697 1728
5697 2034
5697 2072
5697 2086
5697 2107
5697 2148
5697 2362
5698 1172
5698 1430
5698 1955
5699 1172
5700 1173
5700 1182
5700 1219
5700 1329
5700 1407
5700 2068
5700 2084
5700 2085
5700 2163
5700 2219
5700 2428
5701 1173
5701 1181
5701 1218
5701 1221
5701 1223
5701 1225
5701 1234
5701 1276
5701 1294
5701 1296
5701 1324
5701 1329
5701 1334
5701 1336
5701 1354
5701 1406
5701 1417
5701 1430
5701 1494
5701 1507
5701 1509
5701 1514
5701 1728
5701 2034
5701 2077
5701 2086
5701 2087
5701 2121
5701 2131
5701 2148
5701 2225
5701 2304
5701 2362
5701 2404
5701 2405
5701 2431
5701 2438
5701 2453
5701 2454
5702 1173
5702 1221
5703 1174
5703 2032
5703 2232
5703 2875
5704 1175
5705 1175
5706 1176
5706 1228
5706 1235
5706 1274
5706 1275
5706 1281
5706 1316
5706 1431
5706 1432
5706 2055
5706 2092
5706 2160
5706 2418
5706 2424
5706 2442
5707 1176
5707 1281
5708 1177
5709 1178
5710 1179
5711 1179
5712 1179
5712 1252
5713 1180
5714 1180
5715 1180
5716 1181
5717 1181
5717 1183
5717 1407
5717 2433
5717 2441
5717 2457
5718 1182
5719 1184
5719 1192
5719 1721
5719 1726
5720 1185
5720 1606
5721 1185
5721 1478
5721 1771
5722 1186
5722 1475
5722 1617
5722 2514
5723 1186
5723 1209
5723 1240
5723 1365
5723 1444
5723 1452
5723 1932
5723 1937
5723 2348
5723 2467
5723 2484
5723 2506
5723 2508
5723 2514
5724 1187
5725 1187
5726 1187
5727 1187
5728 1187
5729 1188
5729 1380
5729 1493
5729 2353
5730 1189
5730 1259
5730 1463
5730 1629
5730 1637
5730 1681
5730 1897
5730 1918
5731 1189
5732 1190
5733 1191
5734 1192
5735 1193
5736 1194
5737 1194
5738 1195
5738 1568
5738 1810
5738 1851
5738 1936
5739 1196
5739 1902
5740 1196
5741 1196
5741 1901
5741 1902
5742 1197
5742 1364
5742 1663
5742 1691
5742 1906
5743 1198
5744 1198
5745 1198
5745 1590
5746 1198
5747 1199
5748 1199
5748 1686
5749 1202
5750 1202
5751 1202
5752 1203
5753 1204
5754 1204
5755 1204
5756 1205
5757 1206
5757 1207
5758 1206
5758 1207
5759 1206
5759 1207
5759 1386
5759 1648
5759 1746
5759 2400
5760 1207
5761 1207
5761 1577
5761 1746
5762 1208
5762 1789
5762 1879
5763 1208
5763 1882
5764 1209
5765 1209
5766 1211
5767 1212
5768 1214
5768 1229
5769 1215
5769 1313
5769 1421
5769 1506
5769 2205
5770 1215
5770 1313
5770 1421
5770 2067
5770 2080
5770 2118
5771 1216
5772 1216
5773 1216
5773 2081
5774 1217
5775 1217
5775 1426
5775 2223
5776 1218
5777 1218
5778 1219
5779 1220
5780 1221
5780 2034
5781 1222
5781 1273
5781 2123
5781 2128
5781 2150
5781 2232
5781 2875
5782 1223
5782 2404
5783 1223
5784 1223
5784 1297
5784 2080
5784 2161
5784 2413
5784 2458
5785 1224
5785 1499
5786 1224
5786 1342
5787 1224
5787 2188
5788 1224
5789 1224
5789 1314
5789 1346
5789 2188
5789 2417
5790 1226
5791 1226
5792 1226
5793 1226
5793 2081
5794 1227
5795 1227
5795 2123
5795 2150
5796 1228
5796 1293
5796 1300
5796 1313
5796 1436
5796 2130
5797 1229
5798 1229
5799 1229
5800 1230
5800 1279
5800 1319
5800 1494
5800 2054
5800 2225
5801 1230
5802 1230
5803 1231
5804 1231
5805 1231
5806 1232
5807 1233
5807 1340
5808 1234
5808 1296
5808 2077
5808 2087
5808 2311
5808 2405
5809 1234
5809 1291
5809 2064
5809 2066
5809 2118
5809 2457
5810 1235
5810 1275
5810 1316
5810 2120
5810 2156
5811 1236
5812 1236
5813 1236
5814 1237
5814 1449
5815 1237
5815 2676
5816 1237
5816 1263
5816 2295
5817 1237
5817 1263
5817 2308
5817 2862
5818 1238
5818 1402
5819 1238
5819 1402
5820 1238
5820 1402
5821 1239
5822 1240
5822 2356
5823 1241
5823 1256
5823 1579
5823 1610
5823 1801
5823 1858
5823 2375
5824 1241
5824 2375
5825 1241
5825 2375
5826 1242
5827 1243
5828 1243
5828 1677
5829 1244
5830 1244
5831 1244
5832 1246
5833 1248
5834 1248
5834 1869
5835 1248
5836 1249
5836 2633
5836 2939
5837 1250
5837 1838
5837 2364
5838 1250
5838 2364
5839 1251
5839 1629
5839 1637
5839 1897
5839 2357
5840 1252
5840 1397
5840 1660
5840 1670
5840 1938
5841 1252
5842 1252
5843 1253
5844 1255
5845 1255
5845 1448
5846 1256
5846 1895
5847 1257
5847 2649
5848 1257
5849 1257
5849 2360
5850 1260
5850 1782
5851 1260
5851 1479
5852 1260
5852 1458
5852 1738
5852 1814
5852 2739
5853 1261
5853 1577
5854 1261
5855 1261
5856 1261
5857 1262
5857 1575
5857 1809
5858 1262
5858 1575
5858 1809
5859 1262
5860 1262
5860 1575
5860 1809
5861 1263
5862 1263
5862 2318
5862 2410
5863 1264
5863 1405
5864 1264
5865 1264
5865 1405
5865 2434
5866 1265
5867 1265
5868 1266
5868 1308
5868 1337
5868 1416
5869 1267
5870 1268
5870 1328
5871 1269
5871 1507
5871 2125
5872 1269
5872 2125
5873 1270
5873 1333
5873 1441
5874 1271
5875 1271
5875 1968
5875 2109
5875 2144
5875 2178
5875 2228
5875 2231
5876 1271
5876 1500
5877 1271
5877 2124
5878 1272
5878 1977
5878 2174
5879 1272
5880 1272
5881 1274
5882 1277
5883 1278
5884 1278
5885 1278
5886 1279
5887 1279
5887 1319
5888 1279
5889 1279
5890 1279
5891 1279
5892 1280
5892 1343
5892 1433
5893 1280
5894 1280
5895 1281
5896 1281
5896 1293
5896 1300
5896 1436
5896 1513
5896 1517
5896 2106
5896 2158
5896 2191
5896 2195
5897 1282
5898 1282
5899 1282
5900 1283
5900 1336
5900 1522
5901 1283
5901 2422
5902 1284
5902 2158
5902 2191
5902 2198
5903 1284
5904 1285
5905 1285
5906 1285
5907 1285
5908 1286
5909 1286
5910 1286
5911 1287
5912 1288
5912 1421
5912 2154
5912 2161
5913 1288
5913 1290
5913 2157
5914 1288
5915 1289
5916 1290
5916 1341
5916 1503
5916 2168
5917 1290
5918 1291
5919 1292
5919 1304
5919 1305
5919 1313
5919 1518
5919 2149
5920 1292
5920 1304
5920 1315
5921 1292
5922 1293
5922 1405
5922 1419
5922 2096
5922 2103
5922 2122
5922 2173
5922 2185
5922 2195
5923 1294
5923 2129
5923 2196
5924 1294
5925 1295
5926 1295
5927 1295
5928 1295
5928 1321
5928 1523
5929 1296
5929 1336
5930 1296
5930 1667
5930 1728
5931 1297
5932 1297
5933 1297
5934 1298
5935 1298
5936 1298
5937 1299
5938 1299
5938 1413
5938 1495
5938 1513
5938 2143
5938 2171
5939 1299
5939 1495
5939 2143
5939 2171
5939 2186
5940 1299
5941 1299
5941 2106
5941 2184
5942 1300
5943 1301
5943 1423
5944 1301
5944 1423
5944 2169
5944 2189
5945 1301
5945 2191
5946 1302
5947 1302
5947 1995
5948 1302
5949 1302
5949 1995
5949 2028
5949 2672
5950 1302
5951 1303
5952 1303
5952 1413
5952 2132
5953 1305
5954 1305
5954 2186
5955 1307
5955 2412
5956 1308
5956 1337
5957 1309
5958 1309
5959 1309
5959 2132
5959 2175
5960 1309
5961 1309
5962 1309
5963 1310
5963 1522
5964 1311
5965 1312
5966 1312
5967 1312
5968 1313
5969 1314
5969 1346
5970 1314
5970 1346
5971 1315
5972 1316
5973 1316
5974 1317
5975 1317
5975 1343
5975 1433
5975 1501
5975 2055
5975 2408
5976 1317
5977 1318
5978 1319
5979 1320
5980 1320
5981 1320
5982 1320
5983 1321
5983 1523
5984 1321
5985 1322
5986 1322
5987 1322
5988 1322
5989 1323
5989 1335
5990 1323
5991 1324
5991 1430
5992 1324
5992 1344
5992 1435
5992 1507
5992 1514
5993 1325
5993 2135
5994 1325
5995 1326
5996 1327
5997 1327
5998 1329
5998 1507
5999 1329
6000 1329
6000 1434
6000 1435
6000 1514
6000 2103
6001 1330
6001 1405
6001 1429
6001 2105
6001 2111
6001 2131
6001 2208
6002 1330
6003 1331
6003 2187
6004 1332
6005 1332
6005 2100
6006 1334
6007 1334
6007 1766
6007 2215
6008 1334
6009 1334
6010 1334
6011 1335
6012 1335
6013 1336
6014 1337
6015 1338
6016 1338
6017 1338
6018 1338
6019 1340
6019 2111
6020 1341
6020 1503
6021 1341
6021 1503
6021 1848
6021 2127
6022 1341
6022 1503
6023 1342
6024 1343
6024 1501
6025 1343
6026 1344
6027 1344
6028 1345
6029 1345
6029 2183
6030 1348
6030 1418
6030 2119
6030 2187
6031 1349
6032 1349
6032 1495
6032 2110
6032 2143
6032 2159
6033 1349
6033 2434
6034 1350
6035 1350
6036 1350
6037 1350
6038 1350
6039 1350
6040 1351
6041 1351
6042 1351
6043 1351
6044 1351
6045 1351
6046 1353
6046 1511
6046 1516
6047 1354
6047 2091
6047 2433
6048 1355
6049 1355
6050 1356
6051 1357
6052 1358
6052 1455
6053 1358
6053 1455
6054 1358
6055 1359
6055 1715
6056 1360
6056 1721
6057 1360
6058 1361
6059 1362
6059 1564
6059 1904
6060 1362
6061 1362
6061 1547
6061 1800
6061 2540
6061 2941
6062 1363
6062 1631
6062 1893
6063 1363
6063 1467
6063 1590
6063 1903
6064 1364
6064 1647
6065 1365
6065 1891
6065 2348
6065 2467
6066 1367
6067 1368
6067 1456
6067 1686
6067 1737
6067 1769
6068 1368
6069 1368
6069 2897
6070 1369
6070 1469
6070 1781
6071 1369
6071 1781
6072 1369
6072 1935
6073 1370
6074 1370
6075 1370
6076 1371
6077 1371
6078 1372
6078 1825
6079 1372
6079 1825
6080 1373
6080 1636
6080 1772
6080 1908
6081 1373
6081 1404
6081 1448
6081 1772
6081 2486
6081 2615
6081 2932
6082 1374
6082 1563
6083 1375
6084 1376
6084 2400
6085 1376
6085 1700
6085 2369
6085 2400
6086 1377
6087 1377
6088 1377
6088 2406
6089 1377
6090 1377
6090 1574
6091 1377
6091 2143
6092 1377
6093 1378
6093 1384
6093 1615
6094 1378
6094 1384
6094 1615
6094 2347
6095 1378
6095 1545
6096 1379
6097 1379
6097 1872
6098 1380
6098 1493
6098 1660
6098 1931
6098 2353
6099 1380
6099 1493
6100 1380
6100 1913
6101 1380
6101 1901
6101 1913
6102 1380
6102 1913
6103 1381
6104 1381
6105 1382
6106 1382
6107 1382
6108 1383
6109 1383
6109 1443
6109 1569
6110 1384
6110 1592
6110 1632
6110 1693
6110 1782
6110 1822
6110 1829
6110 1927
6111 1385
6111 1787
6112 1385
6113 1385
6114 1386
6115 1387
6115 1530
6115 1831
6116 1387
6117 1388
6117 1449
6117 1540
6117 1550
6117 1798
6117 1860
6117 1908
6117 2754
6117 2817
6117 2940
6118 1388
6118 2940
6119 1389
6120 1389
6120 1649
6120 1892
6120 2401
6121 1390
6122 1390
6122 1481
6123 1391
6123 2370
6123 2389
6124 1392
6124 1552
6124 1583
6125 1392
6126 1393
6127 1393
6127 1587
6128 1393
6129 1393
6129 1587
6130 1393
6131 1394
6132 1394
6133 1394
6134 1394
6135 1394
6136 1395
6136 1580
6137 1395
6137 1580
6137 1595
6137 1773
6138 1395
6138 1580
6139 1395
6140 1395
6141 1395
6141 1580
6142 1396
6142 2511
6142 2689
6143 1396
6144 1396
6145 1397
6146 1397
6147 1398
6147 1451
6148 1398
6149 1398
6150 1399
6151 1399
6152 1400
6152 1577
6152 1783
6153 1400
6153 1783
6154 1400
6154 1783
6155 1401
6156 1401
6157 1401
6158 1402
6159 1402
6160 1402
6161 1403
6161 1491
6162 1404
6163 1405
6164 1406
6164 1509
6165 1407
6166 1408
6166 1496
6167 1408
6168 1408
6168 1496
6169 1409
6169 1411
6170 1409
6170 1411
6170 2138
6171 1409
6172 1412
6173 1412
6174 1412
6175 1413
6175 1513
6176 1414
6176 1416
6176 1521
6176 2108
6176 2142
6176 2194
6177 1414
6177 1522
6178 1415
6179 1416
6179 1521
6180 1416
6180 1521
6181 1417
6181 2148
6182 1419
6183 1420
6184 1420
6185 1421
6185 1506
6185 2205
6186 1421
6186 1506
6187 1422
6188 1422
6189 1422
6190 1422
6191 1423
6192 1424
6193 1424
6194 1425
6194 2136
6195 1425
6195 1508
6195 1527
6195 2136
6195 2868
6196 1426
6197 1426
6198 1427
6198 2153
6198 2193
6198 2886
6199 1427
6200 1427
6200 2166
6201 1428
6202 1428
6202 1663
6203 1428
6204 1429
6205 1430
6205 2139
6206 1431
6206 1432
6207 1431
6208 1431
6209 1432
6210 1433
6210 1519
6210 2117
6210 2145
6211 1433
6211 1501
6212 1433
6212 1501
6213 1434
6213 2039
6214 1434
6214 2113
6215 1434
6215 2170
6216 1435
6216 1650
6217 1435
6218 1436
6218 2897
6219 1436
6219 2130
6220 1436
6221 1438
6222 1438
6223 1438
6224 1438
6225 1439
6226 1439
6227 1441
6227 2133
6227 2198
6228 1441
6228 2133
6228 2198
6229 1441
6230 1442
6230 1820
6231 1443
6232 1443
6233 1443
6234 1443
6234 1592
6234 1632
6234 1842
6234 1927
6235 1443
6235 1672
6235 1944
6236 1444
6236 1474
6236 1678
6236 1723
6236 1932
6236 2351
6237 1444
6237 1932
6237 2453
6238 1444
6238 1932
6238 2467
6239 1444
6240 1445
6241 1446
6242 1447
6242 2484
6243 1447
6244 1448
6244 1630
6244 1812
6245 1449
6246 1449
6246 1917
6247 1450
6247 1839
6248 1451
6248 1491
6248 1570
6248 1746
6249 1452
6250 1452
6251 1452
6252 1453
6252 1591
6253 1453
6254 1453
6255 1453
6256 1454
6256 1741
6257 1454
6258 1454
6259 1454
6260 1454
6261 1454
6262 1457
6262 1909
6263 1458
6263 1653
6263 1793
6264 1458
6264 1900
6265 1459
6266 1459
6267 1459
6268 1460
6269 1460
6270 1460
6270 1638
6271 1461
6271 1697
6272 1462
6273 1463
6273 1566
6273 1869
6274 1464
6275 1465
6275 1733
6275 1770
6275 1786
6276 1466
6276 1824
6277 1466
6277 2383
6278 1466
6279 1466
6280 1467
6280 1489
6280 1797
6281 1467
6281 1590
6282 1467
6283 1468
6284 1468
6284 1553
6284 1734
6285 1470
6285 1908
6286 1470
6287 1471
6287 1633
6287 1945
6288 1472
6288 1668
6288 2346
6289 1472
6289 1671
6290 1472
6290 1671
6290 2346
6291 1472
6292 1474
6293 1474
6294 1475
6295 1475
6296 1476
6297 1477
6298 1477
6299 1478
6300 1478
6301 1478
6302 1478
6302 1771
6303 1478
6304 1479
6304 1843
6305 1481
6306 1482
6307 1482
6308 1483
6309 1483
6310 1483
6311 1484
6312 1484
6313 1484
6314 1485
6315 1485
6316 1485
6316 1644
6317 1485
6318 1485
6318 1644
6318 1875
6319 1486
6319 1876
6320 1486
6321 1486
6322 1487
6323 1487
6324 1488
6324 1730
6324 1823
6325 1488
6325 1490
6326 1488
6326 1490
6326 1730
6326 1823
6327 1488
6327 1490
6328 1488
6329 1488
6329 1490
6330 1489
6331 1489
6332 1489
6333 1489
6334 1489
6335 1489
6336 1489
6337 1491
6337 1571
6337 1583
6337 1876
6337 2345
6337 2368
6338 1492
6339 1492
6340 1492
6341 1492
6341 2398
6342 1492
6343 1493
6344 1493
6344 2353
6345 1494
6346 1494
6347 1494
6348 1494
6348 2185
6348 2195
6349 1495
6350 1496
6351 1496
6351 2159
6352 1497
6353 1497
6354 1497
6355 1497
6356 1497
6357 1498
6357 1696
6358 1498
6359 1498
6360 1498
6361 1499
6362 1499
6362 2439
6363 1499
6364 1499
6365 1499
6366 1500
6367 1500
6368 1501
6369 1501
6370 1501
6371 1501
6372 1501
6372 2225
6373 1501
6374 1501
6375 1501
6376 1502
6377 1502
6378 1504
6378 2135
6379 1505
6380 1505
6380 2134
6381 1505
6382 1506
6383 1506
6383 2205
6384 1507
6384 1509
6385 1508
6386 1508
6387 1509
6388 1509
6388 2131
6389 1509
6390 1510
6391 1512
6392 1512
6393 1512
6394 1513
6395 1513
6396 1514
6397 1515
6398 1515
6398 2072
6398 2193
6399 1515
6399 1650
6400 1516
6401 1517
6401 2106
6402 1517
6403 1517
6404 1518
6405 1518
6406 1518
6407 1519
6407 2117
6408 1519
6408 2668
6409 1519
6410 1519
6411 1519
6411 2117
6411 2145
6412 1520
6413 1520
6414 1521
6415 1521
6416 1522
6417 1523
6418 1523
6419 1524
6420 1527
6420 2116
6420 2152
6421 1528
6421 1978
6421 2139
6421 2207
6421 2215
6422 1529
6423 1530
6423 1831
6424 1530
6424 1618
6425 1531
6426 1531
6427 1532
6428 1533
6428 1594
6429 1535
6430 1535
6431 1535
6432 1536
6433 1536
6434 1537
6434 2754
6435 1539
6436 1539
6437 1540
6438 1541
6439 1541
6440 1541
6441 1542
6441 1619
6441 1621
6442 1543
6443 1544
6444 1544
6445 1545
6446 1545
6447 1545
6448 1546
6449 1546
6450 1547
6451 1547
6452 1547
6453 1548
6454 1549
6455 1549
6456 1550
6457 1551
6458 1551
6458 1703
6459 1551
6460 1552
6460 1578
6461 1553
6461 1734
6462 1553
6463 1555
6464 1556
6465 1556
6466 1556
6467 1557
6468 1557
6469 1557
6470 1557
6471 1558
6472 1559
6472 1907
6473 1559
6474 1559
6475 1560
6476 1560
6477 1561
6477 1663
6477 1745
6477 1799
6477 2372
6477 2373
6478 1561
6479 1561
6480 1562
6481 1564
6481 1904
6481 1910
6482 1564
6483 1565
6483 2400
6484 1566
6485 1567
6486 1567
6486 1584
6486 1830
6486 1841
6487 1567
6487 1584
6488 1568
6488 1935
6489 1569
6490 1570
6491 1570
6492 1571
6492 1876
6492 2345
6493 1571
6493 1577
6494 1571
6494 1664
6495 1572
6496 1572
6497 1572
6498 1572
6499 1572
6500 1573
6500 1783
6500 1845
6500 1893
6500 1898
6501 1573
6502 1574
6503 1574
6504 1574
6505 1575
6506 1576
6506 1721
6507 1576
6508 1576
6509 1576
6510 1576
6511 1576
6512 1576
6513 1576
6514 1576
6515 1576
6516 1576
6517 1579
6517 1610
6518 1579
6519 1579
6520 1579
6521 1579
6522 1580
6523 1581
6524 1581
6525 1581
6526 1583
6527 1583
6528 1583
6529 1583
6530 1584
6530 1854
6531 1585
6532 1585
6532 1613
6533 1585
6534 1586
6535 1586
6536 1587
6537 1588
6537 1857
6538 1588
6538 1857
6539 1589
6539 1622
6539 1833
6540 1589
6541 1589
6542 1590
6543 1590
6544 1591
6545 1591
6546 1591
6547 1591
6548 1591
6549 1591
6550 1591
6551 1591
6552 1592
6552 2381
6553 1592
6554 1593
6555 1594
6556 1595
6556 1625
6556 1719
6556 1885
6556 1909
6557 1596
6558 1597
6559 1597
6560 1598
6561 1598
6562 1598
6563 1599
6564 1599
6565 1599
6566 1599
6567 1599
6567 1624
6567 1912
6568 1600
6568 1896
6568 1943
6569 1600
6570 1600
6571 1601
6572 1602
6573 1602
6574 1602
6575 1602
6576 1603
6576 1627
6576 1766
6577 1603
6578 1604
6579 1604
6580 1604
6581 1605
6582 1606
6582 2372
6583 1606
6584 1607
6585 1608
6586 1608
6587 1608
6588 1609
6589 1609
6590 1610
6591 1610
6592 1611
6593 1611
6594 1611
6595 1611
6596 1611
6597 1611
6598 1611
6598 1792
6599 1611
6600 1611
6600 1792
6601 1612
6602 1612
6603 1612
6604 1613
6605 1613
6605 1743
6605 1868
6605 1905
6605 1914
6605 2384
6606 1613
6607 1614
6608 1614
6609 1614
6610 1615
6611 1616
6611 1770
6612 1616
6613 1616
6614 1617
6615 1617
6616 1617
6617 1618
6618 1618
6619 1619
6620 1620
6621 1620
6622 1620
6623 1620
6624 1623
6625 1624
6626 1624
6627 1625
6628 1625
6629 1626
6630 1626
6631 1626
6632 1626
6633 1626
6634 1627
6635 1628
6636 1629
6637 1630
6638 1631
6638 1893
6639 1631
6640 1632
6641 1632
6642 1633
6643 1634
6644 1634
6645 1634
6646 1635
6646 1910
6647 1637
6647 1893
6648 1638
6649 1638
6649 1745
6649 2373
6650 1639
6651 1639
6652 1640
6653 1641
6654 1641
6654 2347
6655 1641
6656 1642
6657 1642
6658 1643
6659 1643
6659 2390
6660 1643
6661 1644
6662 1644
6663 1644
6664 1644
6665 1645
6666 1645
6666 1646
6666 1740
6667 1645
6667 1662
6667 1820
6668 1645
6668 1662
6668 1804
6668 1847
6669 1645
6669 1662
6670 1645
6671 1645
6671 1662
6672 1645
6673 1646
6674 1646
6674 1862
6674 2366
6675 1646
6676 1646
6677 1646
6678 1647
6678 1761
6679 1647
6680 1647
6681 1647
6682 1647
6683 1647
6684 1648
6685 1648
6686 1648
6687 1648
6688 1648
6689 1649
6690 1649
6691 1649
6692 1650
6692 1946
6693 1650
6694 1650
6695 1650
6696 1650
6697 1651
6698 1651
6699 1651
6700 1651
6701 1651
6702 1651
6703 1652
6704 1652
6705 1652
6706 1652
6707 1653
6708 1654
6709 1655
6710 1655
6711 1655
6712 1656
6713 1656
6714 1657
6715 1657
6716 1657
6717 1657
6718 1657
6719 1657
6720 1658
6721 1658
6722 1658
6723 1658
6724 1659
6725 1660
6725 1931
6726 1661
6727 1661
6728 1661
6729 1661
6730 1662
6731 1662
6732 1662
6733 1663
6734 1663
6735 1664
6736 1664
6737 1664
6738 1664
6739 1664
6739 1804
6739 1847
6739 1890
6740 1664
6741 1664
6742 1664
6742 1721
6742 1890
6743 1664
6744 1664
6745 1665
6746 1665
6747 1666
6748 1666
6749 1667
6749 1704
6749 1980
6750 1667
6751 1667
6752 1667
6753 1667
6754 1668
6755 1668
6756 1668
6757 1668
6758 1669
6758 1727
6759 1669
6760 1669
6760 2617
6760 2984
6761 1669
6762 1670
6763 1670
6764 1670
6765 1670
6766 1671
6767 1671
6768 1671
6769 1671
6770 1672
6770 1832
6771 1672
6771 1864
6771 1944
6771 2400
6772 1672
6773 1673
6774 1675
6774 2800
6775 1676
6776 1676
6776 1870
6777 1676
6778 1677
6779 1678
6780 1678
6781 1679
6782 1679
6782 1859
6782 1934
6783 1679
6784 1679
6785 1679
6786 1679
6786 1752
6787 1680
6788 1680
6789 1681
6790 1682
6791 1682
6792 1683
6793 1684
6794 1685
6795 1686
6796 1687
6796 2717
6797 1688
6797 2406
6798 1688
6799 1692
6800 1693
6801 1694
6802 1695
6803 1695
6803 1716
6803 1794
6804 1696
6805 1698
6805 2359
6806 1698
6807 1702
6808 1702
6808 1703
6808 1838
6809 1703
6809 2349
6810 1703
6811 1705
6812 1706
6813 1706
6814 1708
6815 1708
6816 1708
6817 1708
6818 1708
6819 1708
6820 1708
6821 1708
6822 1708
6823 1709
6824 1711
6825 1711
6826 1712
6827 1714
6828 1715
6829 1715
6830 1716
6831 1717
6831 3007
6832 1718
6833 1719
6834 1719
6834 1885
6835 1720
6835 1763
6835 1782
6836 1721
6836 2354
6837 1721
6837 1726
6838 1721
6839 1722
6840 1722
6841 1725
6841 1775
6841 2352
6842 1727
6843 1728
6843 2362
6844 1731
6845 1732
6845 1852
6846 1735
6846 2576
6847 1735
6848 1736
6849 1738
6850 1739
6851 1741
6852 1742
6853 1743
6854 1744
6855 1745
6855 2164
6855 2373
6856 1746
6857 1747
6858 1747
6859 1750
6860 1751
6861 1752
6861 2363
6862 1752
6862 1892
6863 1752
6863 1892
6864 1754
6864 1818
6865 1755
6866 1757
6866 1808
6866 1871
6867 1757
6868 1758
6869 1758
6870 1759
6871 1759
6872 1760
6873 1760
6874 1760
6875 1760
6876 1760
6877 1761
6878 1761
6879 1761
6880 1761
6881 1761
6882 1762
6883 1762
6884 1763
6885 1763
6886 1764
6887 1764
6888 1764
6888 2396
6889 1765
6890 1765
6890 1826
6891 1766
6892 1768
6893 1770
6894 1772
6894 2615
6894 2932
6895 1773
6896 1774
6897 1775
6898 1776
6898 1902
6899 1776
6900 1778
6901 1778
6902 1779
6903 1779
6904 1779
6905 1781
6906 1784
6907 1784
6908 1788
6909 1789
6910 1790
6911 1790
6911 2371
6912 1791
6913 1792
6914 1793
6915 1796
6916 1796
6917 1796
6918 1797
6919 1798
6920 1800
6921 1800
6922 1801
6923 1802
6924 1802
6925 1802
6926 1802
6927 1803
6928 1803
6928 1855
6929 1803
6929 1855
6930 1803
6930 1855
6931 1804
6931 1847
6932 1805
6932 1903
6933 1805
6934 1805
6935 1806
6936 1807
6937 1807
6938 1807
6939 1807
6940 1807
6941 1807
6942 1807
6943 1807
6944 1808
6944 1871
6945 1811
6946 1811
6947 1811
6948 1812
6949 1813
6950 1814
6951 1814
6952 1815
6953 1815
6954 1815
6955 1816
6956 1816
6956 2351
6957 1816
6958 1817
6959 1817
6960 1817
6960 1849
6961 1817
6962 1818
6963 1818
6964 1818
6965 1818
6966 1819
6967 1821
6968 1821
6969 1821
6970 1822
6971 1822
6972 1822
6973 1824
6974 1824
6975 1825
6976 1825
6977 1826
6978 1827
6979 1830
6979 1841
6979 2763
6980 1832
6981 1834
6981 1853
6982 1836
6983 1836
6984 1836
6985 1836
6986 1837
6986 2378
6987 1837
6988 1837
6989 1837
6990 1840
6991 1840
6992 1840
6993 1843
6994 1844
6995 1844
6996 1846
6997 1848
6998 1848
6999 1849
7000 1850
7001 1850
7001 2837
7002 1850
7003 1852
7004 1852
7005 1853
7006 1854
7007 1856
7008 1858
7009 1858
7010 1858
7011 1860
7012 1861
7013 1862
7013 2366
7014 1863
7015 1863
7016 1863
7017 1863
7018 1865
7019 1866
7020 1866
7020 2959
7021 1866
7022 1867
7023 1867
7024 1867
7025 1872
7026 1873
7027 1873
7028 1873
7029 1873
7030 1873
7031 1874
7032 1874
7033 1874
7034 1874
7035 1875
7036 1877
7037 1877
7038 1878
7039 1878
7040 1878
7041 1878
7042 1878
7043 1879
7044 1879
7045 1879
7046 1880
7047 1880
7048 1880
7049 1880
7050 1881
7051 1881
7051 2107
7052 1882
7052 1886
7053 1882
7054 1882
7055 1882
7056 1882
7057 1883
7058 1883
7059 1884
7060 1884
7061 1884
7062 1885
7063 1885
7064 1885
7065 1885
7066 1886
7067 1886
7068 1890
7069 1892
7070 1892
7071 1894
7072 1895
7073 1896
7073 2371
7074 1896
7075 1896
7076 1898
7077 1899
7077 2162
7078 1899
7079 1899
7080 1900
7081 1900
7082 1901
7083 1902
7084 1903
7085 1904
7086 1906
7087 1909
7087 2200
7088 1911
7089 1911
7090 1912
7091 1912
7092 1913
7093 1915
7093 2398
7094 1915
7095 1915
7096 1916
7097 1916
7098 1916
7099 1916
7100 1917
7101 1919
7102 1919
7103 1919
7104 1919
7105 1920
7106 1922
7107 1922
7108 1923
7109 1923
7110 1923
7111 1924
7112 1924
7113 1924
7114 1925
7115 1925
7116 1925
7117 1925
7118 1925
7119 1925
7120 1925
7121 1926
7122 1926
7123 1929
7124 1930
7125 1930
7126 1932
7127 1933
7128 1933
7129 1933
7130 1934
7131 1934
7132 1934
7133 1934
7134 1934
7135 1935
7136 1936
7137 1937
7138 1937
7139 1938
7140 1939
7141 1939
7142 1939
7143 1940
7144 1940
7145 1941
7146 1941
7147 1942
7147 3021
7148 1942
7149 1942
7150 1943
7151 1943
7152 1943
7153 1943
7154 1944
7155 1945
7156 1946
7157 1946
7157 2473
7158 1946
7159 1946
7160 1946
7161 1947
7161 1966
7161 2069
7162 1948
7163 1948
7164 1948
7165 1948
7166 1949
7167 1949
7168 1949
7169 1949
7170 1950
7170 1979
7170 2049
7171 1950
7171 1979
7171 2049
7172 1952
7173 1952
7174 1952
7175 1954
7176 1955
7177 1955
7177 1976
7177 2037
7178 1955
7178 1976
7178 2147
7178 2878
7179 1956
7180 1956
7181 1957
7182 1957
7183 1957
7184 1959
7185 1960
7186 1960
7187 1960
7188 1960
7189 1961
7190 1961
7191 1962
7192 1963
7193 1963
7194 1964
7195 1964
7195 2312
7196 1964
7196 2035
7197 1965
7197 2002
7198 1966
7199 1966
7200 1966
7201 1967
7202 1967
7203 1967
7204 1967
7205 1967
7206 1967
7207 1968
7208 1969
7208 2023
7209 1969
7209 2023
7210 1969
7211 1970
7212 1970
7213 1970
7214 1970
7215 1970
7216 1971
7217 1971
7218 1972
7219 1973
7220 1973
7221 1973
7221 1982
7222 1973
7223 1974
7224 1974
7225 1974
7226 1974
7227 1975
7228 1975
7229 1976
7230 1976
7231 1977
7231 2084
7231 2251
7231 2311
7231 2431
7231 2445
7232 1977
7233 1978
7234 1979
7235 1980
7236 1980
7237 1980
7238 1981
7239 1981
7240 1981
7241 1981
7242 1982
7242 1983
7243 1982
7244 1983
7245 1983
7246 1983
7247 1984
7248 1984
7249 1984
7250 1985
7251 1985
7252 1985
7253 1986
7254 1986
7255 1986
7256 1987
7257 1987
7258 1987
7259 1988
7259 2003
7259 2887
7260 1988
7260 2003
7261 1988
7262 1989
7262 2005
7263 1990
7264 1991
7265 1992
7266 1992
7267 1992
7268 1993
7269 1993
7270 1993
7271 1994
7271 2015
7272 1994
7273 1994
7274 1994
7275 1994
7276 1994
7277 1994
7278 1995
7279 1995
7280 1995
7281 1996
7282 1997
7283 1997
7284 1998
7285 1998
7286 1998
7287 1998
7288 1998
7289 1998
7290 2004
7291 2006
7291 2203
7291 2881
7292 2006
7293 2007
7294 2008
7294 2027
7295 2009
7296 2009
7297 2010
7298 2011
7299 2012
7300 2012
7301 2012
7302 2012
7303 2013
7304 2013
7305 2014
7306 2014
7306 2043
7307 2015
7308 2016
7309 2018
7310 2019
7311 2021
7312 2021
7313 2022
7314 2022
7315 2023
7316 2023
7317 2024
7318 2025
7319 2025
7320 2025
7321 2026
7322 2026
7323 2026
7324 2026
7325 2026
7326 2027
7327 2028
7328 2028
7329 2028
7330 2029
7331 2029
7332 2031
7333 2031
7334 2032
7334 2232
7334 2875
7335 2033
7336 2033
7337 2033
7338 2033
7339 2034
7340 2035
7340 2048
7341 2035
7342 2036
7343 2038
7344 2038
7345 2039
7345 2874
7346 2039
7347 2040
7348 2041
7349 2042
7350 2043
7351 2043
7352 2044
7353 2046
7354 2046
7355 2046
7356 2046
7357 2047
7358 2047
7359 2047
7360 2048
7361 2048
7362 2049
7363 2050
7364 2050
7365 2050
7366 2050
7367 2052
7368 2053
7369 2053
7370 2053
7371 2053
7372 2054
7373 2055
7373 2092
7374 2055
7374 2095
7375 2056
7375 2427
7376 2057
7377 2057
7378 2059
7379 2060
7380 2061
7381 2061
7382 2061
7383 2061
7384 2062
7384 2094
7385 2062
7385 2172
7386 2062
7386 2094
7386 2172
7387 2063
7388 2065
7389 2065
7390 2065
7391 2065
7392 2065
7393 2065
7394 2067
7394 2313
7394 2430
7395 2067
7395 2096
7396 2067
7397 2069
7398 2070
7398 2074
7399 2070
7400 2071
7400 2423
7401 2071
7401 2423
7402 2073
7403 2073
7404 2075
7405 2075
7406 2076
7407 2076
7408 2076
7409 2078
7409 2079
7410 2078
7411 2078
7412 2079
7413 2079
7414 2080
7415 2081
7416 2082
7416 2269
7416 2775
7417 2082
7418 2083
7419 2083
7419 2555
7420 2084
7421 2084
7422 2084
7423 2084
7424 2087
7425 2088
7426 2088
7427 2089
7428 2090
7429 2092
7430 2093
7431 2093
7432 2095
7433 2095
7434 2095
7434 2408
7435 2097
7436 2097
7437 2097
7438 2098
7439 2098
7440 2099
7441 2101
7442 2102
7443 2102
7444 2102
7445 2103
7445 2143
7446 2104
7446 2160
7446 2192
7447 2104
7448 2105
7448 2229
7449 2105
7450 2105
7450 2181
7451 2106
7451 2184
7452 2107
7453 2108
7454 2108
7455 2109
7455 2144
7455 2169
7456 2111
7457 2111
7458 2111
7458 2181
7459 2112
7459 2190
7460 2113
7461 2114
7462 2117
7462 2521
7462 2792
7463 2117
7464 2117
7465 2118
7466 2118
7467 2118
7468 2118
7469 2119
7469 2187
7470 2119
7471 2120
7472 2120
7473 2120
7474 2121
7474 2146
7474 2224
7475 2121
7476 2122
7477 2122
7478 2122
7479 2122
7480 2123
7481 2123
7482 2124
7483 2125
7484 2125
7484 2173
7485 2125
7486 2126
7487 2126
7487 2897
7488 2126
7489 2126
7490 2127
7491 2127
7492 2128
7493 2128
7493 2150
7494 2129
7495 2129
7496 2129
7497 2130
7498 2130
7499 2130
7500 2131
7500 2225
7501 2132
7502 2134
7503 2134
7504 2134
7505 2134
7506 2135
7506 2165
7507 2135
7508 2137
7509 2137
7510 2140
7511 2140
7512 2140
7513 2140
7514 2141
7515 2141
7516 2142
7517 2142
7518 2142
7518 2194
7519 2142
7520 2142
7521 2142
7522 2142
7523 2143
7524 2143
7524 2171
7525 2143
7525 2171
7526 2143
7527 2144
7528 2144
7529 2144
7530 2144
7531 2144
7532 2145
7533 2146
7533 2224
7534 2147
7534 2878
7535 2147
7536 2148
7536 2225
7537 2149
7538 2149
7539 2149
7540 2150
7541 2150
7542 2151
7543 2152
7543 2222
7543 2880
7544 2153
7544 2179
7544 2886
7545 2153
7545 2886
7546 2154
7547 2155
7548 2155
7549 2155
7550 2155
7551 2155
7552 2156
7553 2156
7554 2156
7555 2156
7556 2157
7557 2157
7557 2186
7558 2157
7559 2158
7559 2191
7560 2158
7560 2191
7561 2158
7561 2191
7562 2159
7562 2165
7563 2160
7563 2168
7564 2162
7565 2162
7566 2163
7567 2163
7568 2164
7569 2164
7570 2164
7571 2164
7572 2166
7573 2166
7574 2166
7575 2167
7576 2167
7577 2167
7578 2168
7579 2169
7580 2169
7581 2169
7582 2169
7583 2170
7584 2170
7585 2170
7586 2170
7587 2171
7588 2171
7589 2171
7590 2172
7591 2172
7592 2172
7593 2173
7594 2173
7595 2174
7596 2175
7597 2175
7598 2177
7599 2177
7600 2177
7601 2177
7602 2177
7603 2177
7604 2178
7605 2178
7606 2178
7607 2179
7608 2180
7609 2181
7610 2181
7611 2182
7611 2216
7612 2182
7612 2216
7613 2182
7613 2216
7614 2182
7614 2216
7615 2183
7616 2183
7617 2185
7618 2185
7619 2186
7620 2186
7621 2186
7622 2188
7623 2189
7624 2189
7625 2189
7626 2189
7627 2189
7628 2189
7629 2189
7630 2190
7631 2190
7632 2191
7633 2192
7634 2193
7635 2193
7636 2193
7637 2194
7638 2194
7639 2194
7640 2194
7641 2194
7642 2194
7643 2195
7644 2196
7645 2196
7646 2196
7647 2197
7648 2197
7649 2197
7650 2197
7651 2197
7652 2197
7653 2199
7654 2200
7655 2200
7656 2200
7656 2230
7657 2200
7658 2200
7659 2201
7660 2202
7661 2202
7662 2203
7663 2203
7664 2203
7665 2204
7666 2205
7667 2205
7668 2205
7669 2206
7670 2206
7671 2206
7672 2207
7673 2208
7674 2208
7675 2208
7676 2209
7677 2209
7678 2210
7679 2210
7680 2210
7681 2210
7682 2210
7683 2211
7683 2214
7684 2211
7685 2212
7686 2212
7687 2213
7688 2213
7689 2213
7690 2213
7691 2214
7692 2215
7693 2215
7694 2216
7695 2217
7696 2218
7697 2218
7698 2218
7699 2218
7700 2219
7701 2219
7702 2220
7703 2220
7704 2220
7705 2220
7706 2221
7707 2222
7707 2880
7708 2223
7709 2223
7710 2223
7711 2223
7712 2223
7713 2224
7714 2224
7715 2225
7716 2225
7717 2225
7718 2225
7719 2225
7720 2226
7721 2226
7722 2226
7723 2226
7724 2227
7725 2227
7726 2227
7727 2227
7728 2227
7729 2228
7730 2228
7730 2231
7731 2228
7732 2228
7733 2229
7734 2229
7735 2230
7736 2230
7737 2230
7738 2231
7739 2232
7739 2875
7740 2232
7740 2875
7741 2232
7742 2232
7743 2232
7744 2233
7745 2233
7746 2233
7747 2233
7748 2233
7749 2233
7750 2234
7751 2235
7751 2247
7752 2235
7753 2235
7753 2247
7753 2343
7754 2236
7755 2237
7756 2237
7757 2238
7758 2238
7759 2239
7760 2239
7761 2239
7762 2240
7762 2324
7763 2241
7764 2242
7765 2242
7766 2242
7767 2242
7768 2243
7769 2243
7769 2271
7770 2243
7771 2243
7772 2243
7773 2244
7773 2326
7774 2244
7775 2244
7775 2326
7776 2244
7777 2245
7777 2249
7778 2245
7778 2249
7779 2246
7780 2246
7781 2246
7782 2246
7783 2248
7784 2248
7784 2325
7784 2561
7785 2249
7786 2249
7787 2250
7788 2252
7789 2252
7790 2252
7791 2253
7792 2254
7793 2254
7794 2255
7795 2255
7796 2256
7797 2257
7798 2258
7799 2258
7800 2259
7801 2259
7802 2260
7803 2261
7803 2279
7804 2261
7804 2315
7805 2262
7805 2340
7806 2265
7806 2270
7807 2265
7808 2265
7809 2265
7809 2270
7809 2448
7810 2266
7811 2267
7811 2270
7812 2267
7812 2270
7813 2268
7814 2269
7815 2272
7816 2272
7817 2273
7818 2273
7819 2274
7820 2274
7821 2275
7822 2276
7823 2276
7824 2276
7825 2277
7826 2277
7827 2277
7828 2278
7828 2570
7829 2278
7830 2278
7831 2279
7831 2315
7832 2280
7833 2280
7833 2301
7834 2281
7835 2281
7836 2281
7837 2281
7838 2282
7839 2282
7840 2283
7841 2283
7842 2284
7843 2286
7844 2287
7845 2288
7846 2288
7847 2289
7847 2910
7848 2289
7849 2290
7850 2291
7851 2292
7852 2294
7853 2294
7854 2296
7855 2296
7856 2297
7857 2298
7858 2298
7859 2298
7860 2299
7861 2299
7862 2300
7863 2300
7864 2301
7865 2302
7866 2303
7867 2303
7868 2303
7869 2305
7870 2306
7871 2307
7872 2307
7873 2307
7874 2308
7875 2309
7876 2310
7877 2310
7878 2310
7879 2312
7880 2314
7881 2315
7882 2316
7883 2317
7884 2318
7885 2319
7886 2319
7887 2320
7888 2320
7889 2321
7890 2321
7891 2322
7892 2323
7893 2324
7894 2325
7895 2325
7896 2326
7897 2327
7898 2328
7899 2328
7900 2328
7901 2329
7902 2330
7902 2462
7903 2330
7904 2331
7905 2331
7906 2332
7907 2333
7907 2436
7907 2778
7908 2334
7909 2335
7910 2335
7911 2335
7912 2335
7913 2335
7914 2335
7915 2336
7916 2336
7917 2337
7918 2337
7918 2339
7919 2338
7920 2341
7921 2341
7922 2342
7923 2342
7924 2343
7925 2346
7926 2348
7926 2508
7927 2349
7928 2350
7929 2350
7930 2351
7931 2351
7932 2354
7933 2355
7934 2358
7935 2359
7936 2361
7937 2361
7938 2363
7939 2365
7940 2367
7941 2373
7942 2373
7943 2374
7944 2374
7945 2376
7946 2376
7947 2377
7948 2378
7949 2380
7949 2927
7950 2382
7951 2383
7952 2385
7953 2386
7954 2386
7955 2387
7956 2387
7957 2388
7958 2388
7959 2388
7960 2388
7961 2391
7962 2391
7963 2391
7964 2393
7965 2393
7966 2395
7967 2395
7968 2395
7969 2395
7970 2396
7971 2396
7972 2397
7973 2397
7974 2397
7975 2398
7976 2398
7977 2399
7978 2400
7979 2400
7980 2400
7981 2401
7982 2401
7983 2402
7984 2402
7985 2403
7986 2403
7987 2403
7988 2403
7989 2403
7990 2404
7990 2420
7991 2407
7992 2407
7993 2407
7994 2408
7995 2409
7996 2409
7996 2445
7996 2780
7997 2410
7998 2410
7999 2411
8000 2412
8001 2413
8002 2413
8003 2413
8004 2414
8005 2414
8006 2414
8007 2414
8008 2415
8009 2416
8010 2416
8011 2417
8012 2418
8013 2419
8014 2419
8015 2420
8016 2420
8017 2420
8018 2421
8019 2421
8019 2435
8020 2422
8021 2424
8022 2425
8023 2426
8024 2426
8025 2428
8025 2439
8026 2429
8027 2429
8028 2431
8029 2432
8030 2432
8031 2433
8031 2445
8032 2433
8032 2445
8033 2434
8034 2435
8035 2435
8036 2435
8037 2435
8038 2435
8039 2436
8040 2436
8040 2460
8041 2437
8042 2441
8043 2442
8044 2442
8045 2443
8046 2443
8047 2445
8048 2445
8049 2446
8050 2447
8051 2448
8052 2448
8053 2449
8054 2449
8055 2450
8056 2451
8057 2451
8058 2451
8059 2452
8060 2454
8061 2455
8062 2455
8063 2456
8064 2458
8065 2459
8066 2459
8067 2460
8068 2460
8069 2461
8070 2463
8070 2736
8071 2463
8072 2464
8073 2464
8073 2795
8073 2974
8074 2464
8075 2464
8076 2465
8076 2646
8077 2465
8077 2490
8077 2972
8078 2465
8079 2466
8079 2645
8080 2467
8081 2468
8081 2476
8081 2521
8081 2788
8081 2792
8081 2927
8082 2470
8083 2472
8084 2473
8085 2474
8086 2474
8087 2476
8088 2477
8088 2691
8089 2480
8089 2703
8090 2480
8090 2703
8091 2480
8091 2703
8092 2481
8092 2692
8093 2481
8094 2482
8095 2482
8096 2483
8097 2483
8098 2483
8098 2713
8099 2485
8100 2485
8101 2486
8101 2607
8101 2714
8102 2487
8102 2836
8103 2488
8104 2489
8104 2983
8105 2490
8106 2490
8107 2491
8108 2492
8109 2492
8110 2493
8111 2493
8112 2493
8113 2494
8114 2494
8115 2495
8116 2495
8117 2495
8118 2495
8119 2496
8120 2496
8121 2496
8121 2648
8121 2752
8121 3019
8122 2497
8122 2695
8123 2497
8124 2497
8125 2498
8125 3013
8126 2498
8126 2729
8126 2816
8127 2499
8128 2499
8129 2500
8130 2501
8130 2756
8131 2502
8132 2503
8133 2503
8134 2503
8135 2504
8136 2504
8137 2506
8138 2506
8139 2506
8140 2507
8141 2508
8142 2509
8142 2809
8143 2510
8144 2511
8144 2512
8144 2689
8145 2512
8146 2513
8147 2515
8148 2516
8149 2517
8150 2517
8151 2517
8152 2518
8153 2520
8153 2602
8153 2720
8154 2520
8154 2720
8155 2520
8156 2522
8157 2522
8158 2522
8159 2523
8159 2936
8160 2524
8161 2524
8162 2524
8163 2525
8163 2733
8163 2938
8163 2964
8164 2526
8165 2526
8166 2526
8167 2527
8168 2527
8169 2528
8170 2528
8171 2529
8172 2529
8172 2530
8173 2531
8174 2531
8175 2532
8176 2532
8177 2532
8178 2532
8179 2532
8180 2533
8181 2533
8182 2534
8183 2535
8183 2821
8183 2822
8184 2535
8184 2821
8184 2822
8185 2536
8185 2619
8186 2536
8187 2536
8188 2538
8189 2538
8190 2539
8190 2704
8190 2985
8191 2539
8191 2704
8192 2541
8193 2542
8194 2542
8195 2542
8196 2542
8197 2542
8198 2542
8199 2542
8200 2543
8201 2544
8202 2544
8202 2711
8203 2544
8203 2573
8204 2545
8204 2752
8204 2833
8204 3020
8205 2546
8206 2546
8207 2547
8208 2547
8209 2549
8210 2551
8211 2551
8212 2551
8213 2551
8214 2552
8215 2553
8215 2915
8216 2554
8217 2555
8218 2556
8218 2774
8218 2861
8219 2557
8220 2557
8221 2557
8222 2558
8223 2558
8224 2558
8225 2559
8226 2560
8227 2561
8228 2561
8229 2562
8230 2563
8231 2563
8232 2564
8233 2564
8234 2565
8235 2565
8236 2566
8237 2566
8238 2566
8239 2567
8240 2568
8241 2568
8242 2569
8243 2571
8244 2571
8245 2573
8246 2573
8247 2574
8247 2725
8248 2575
8248 3006
8249 2575
8250 2575
8251 2577
8252 2577
8253 2578
8254 2578
8255 2579
8256 2579
8256 2633
8257 2581
8258 2582
8259 2582
8259 2588
8260 2582
8261 2582
8262 2582
8262 2588
8263 2585
8264 2585
8265 2585
8266 2586
8267 2586
8268 2587
8268 2820
8268 2963
8269 2588
8270 2588
8271 2593
8272 2593
8273 2599
8274 2599
8275 2599
8276 2600
8277 2601
8278 2601
8279 2601
8280 2601
8281 2602
8282 2602
8283 2602
8284 2604
8285 2605
8285 3004
8286 2605
8286 2636
8286 3004
8287 2609
8288 2609
8289 2610
8290 2610
8291 2610
8292 2611
8293 2612
8294 2612
8295 2614
8296 2614
8297 2614
8298 2614
8299 2614
8300 2616
8301 2616
8302 2616
8303 2617
8304 2617
8305 2618
8306 2619
8307 2620
8308 2621
8309 2621
8310 2622
8311 2623
8312 2624
8313 2624
8314 2626
8314 2685
8314 2970
8314 2971
8315 2626
8316 2626
8316 2687
8316 2807
8316 2923
8317 2627
8318 2627
8319 2628
8320 2628
8321 2629
8322 2629
8323 2630
8323 2811
8324 2630
8324 2811
8325 2631
8326 2631
8327 2633
8328 2634
8329 2634
8330 2635
8331 2635
8332 2635
8333 2636
8334 2637
8334 2638
8334 2745
8335 2637
8336 2638
8337 2639
8337 2937
8338 2639
8338 2937
8339 2640
8340 2640
8341 2641
8342 2641
8343 2641
8344 2642
8344 2740
8344 2977
8345 2642
8345 2977
8346 2644
8347 2645
8348 2645
8349 2648
8350 2648
8351 2648
8352 2648
8353 2650
8354 2650
8355 2651
8356 2651
8357 2651
8358 2652
8359 2653
8360 2654
8361 2655
8362 2656
8363 2657
8364 2658
8364 2694
8365 2659
8366 2660
8367 2660
8368 2661
8369 2661
8370 2661
8371 2661
8372 2662
8373 2662
8374 2662
8375 2662
8376 2662
8377 2662
8378 2662
8379 2662
8380 2662
8381 2662
8382 2663
8383 2663
8384 2664
8385 2664
8386 2664
8387 2664
8388 2664
8389 2664
8390 2664
8391 2665
8391 2726
8391 2808
8392 2665
8393 2666
8394 2666
8395 2666
8396 2666
8397 2666
8398 2666
8399 2666
8400 2666
8401 2666
8402 2666
8403 2667
8404 2668
8405 2668
8406 2669
8407 2669
8408 2669
8409 2671
8410 2672
8410 2910
8411 2673
8412 2673
8413 2673
8414 2673
8415 2673
8416 2673
8417 2673
8418 2674
8419 2675
8420 2677
8421 2677
8422 2677
8423 2677
8423 2908
8424 2677
8425 2677
8426 2678
8427 2678
8428 2679
8429 2679
8430 2680
8431 2681
8432 2681
8433 2681
8434 2682
8434 2912
8435 2682
8436 2682
8437 2683
8438 2685
8439 2686
8440 2688
8441 2688
8442 2689
8443 2689
8444 2689
8445 2690
8446 2690
8447 2690
8448 2691
8449 2691
8450 2692
8450 2925
8450 2970
8451 2693
8452 2693
8453 2693
8454 2695
8455 2695
8456 2695
8457 2696
8458 2697
8459 2698
8460 2698
8461 2699
8462 2699
8463 2699
8464 2702
8465 2702
8466 2702
8467 2702
8468 2708
8469 2709
8470 2709
8471 2710
8472 2711
8473 2713
8474 2716
8475 2718
8475 2957
8476 2718
8477 2719
8478 2719
8479 2719
8479 2789
8480 2720
8481 2720
8482 2720
8483 2720
8484 2720
8485 2721
8486 2722
8487 2722
8488 2723
8489 2723
8490 2724
8491 2724
8492 2725
8493 2725
8494 2725
8495 2726
8496 2726
8497 2726
8498 2726
8499 2726
8500 2726
8501 2727
8502 2727
8503 2727
8504 2727
8505 2729
8506 2729
8507 2729
8508 2730
8509 2730
8510 2730
8511 2731
8512 2731
8513 2731
8514 2732
8515 2732
8516 2734
8517 2735
8518 2735
8519 2737
8520 2737
8521 2739
8522 2740
8523 2740
8524 2740
8525 2741
8526 2742
8527 2746
8527 2987
8528 2746
8529 2746
8530 2747
8531 2748
8531 2815
8532 2749
8533 2750
8534 2751
8535 2751
8536 2753
8537 2755
8538 2755
8539 2755
8540 2756
8541 2756
8542 2757
8542 2961
8543 2758
8544 2758
8545 2758
8546 2759
8547 2759
8548 2760
8549 2760
8550 2760
8551 2761
8552 2761
8553 2763
8554 2763
8555 2764
8556 2764
8557 2765
8558 2765
8559 2765
8560 2766
8561 2766
8562 2767
8563 2767
8564 2767
8565 2767
8566 2768
8567 2768
8568 2769
8569 2769
8570 2769
8571 2770
8572 2771
8573 2771
8574 2771
8575 2772
8576 2773
8577 2773
8578 2775
8579 2776
8580 2776
8581 2777
8582 2777
8583 2777
8584 2778
8585 2779
8586 2779
8587 2781
8587 2850
8588 2781
8589 2782
8590 2782
8591 2784
8592 2785
8593 2785
8594 2786
8595 2790
8596 2791
8597 2791
8598 2792
8599 2793
8600 2794
8601 2795
8602 2796
8603 2796
8604 2797
8604 2823
8604 2824
8605 2798
8605 2955
8605 3011
8606 2798
8607 2798
8607 3011
8608 2800
8609 2801
8610 2802
8611 2802
8612 2802
8613 2804
8614 2804
8615 2807
8616 2810
8617 2810
8618 2811
8619 2812
8620 2812
8621 2812
8622 2812
8623 2812
8624 2814
8625 2814
8626 2816
8627 2818
8628 2818
8629 2818
8630 2819
8631 2820
8632 2825
8633 2826
8634 2826
8635 2826
8636 2827
8637 2828
8638 2829
8639 2829
8640 2829
8641 2830
8642 2830
8642 2951
8643 2831
8644 2831
8645 2835
8646 2836
8647 2836
8648 2836
8649 2836
8650 2836
8651 2836
8651 3013
8652 2837
8653 2837
8654 2838
8655 2838
8656 2838
8657 2838
8658 2838
8659 2840
8660 2840
8661 2842
8662 2842
8663 2843
8664 2843
8665 2844
8666 2844
8667 2844
8668 2844
8669 2845
8670 2845
8671 2845
8672 2846
8673 2847
8674 2848
8675 2848
8676 2849
8677 2849
8678 2851
8679 2851
8680 2852
8681 2852
8682 2853
8683 2854
8684 2855
8685 2856
8686 2857
8687 2857
8688 2857
8689 2858
8690 2858
8691 2858
8692 2859
8693 2859
8694 2859
8695 2859
8696 2862
8697 2862
8698 2863
8699 2863
8700 2864
8701 2864
8702 2864
8703 2865
8704 2865
8705 2866
8706 2866
8707 2866
8708 2867
8709 2867
8710 2867
8711 2867
8712 2868
8712 2895
8713 2868
8713 2895
8714 2868
8714 2895
8715 2868
8715 2895
8716 2869
8717 2869
8718 2869
8719 2871
8720 2871
8721 2872
8722 2872
8723 2872
8724 2872
8725 2873
8726 2874
8727 2874
8728 2874
8729 2874
8730 2874
8731 2875
8732 2875
8733 2877
8734 2877
8735 2877
8736 2877
8737 2878
8738 2878
8738 2879
8739 2878
8740 2878
8741 2879
8742 2881
8743 2882
8744 2882
8745 2885
8746 2885
8747 2885
8748 2887
8749 2887
8750 2888
8751 2888
8752 2888
8753 2890
8754 2890
8755 2891
8756 2891
8757 2891
8758 2891
8759 2891
8760 2892
8761 2893
8762 2894
8763 2894
8764 2895
8765 2895
8766 2895
8767 2896
8768 2896
8769 2896
8770 2899
8771 2899
8772 2899
8773 2899
8774 2901
8775 2902
8776 2902
8777 2902
8778 2903
8779 2903
8780 2903
8781 2903
8782 2904
8783 2904
8784 2904
8785 2904
8786 2904
8787 2905
8788 2905
8789 2906
8790 2906
8791 2906
8792 2907
8793 2907
8794 2908
8795 2909
8796 2909
8797 2909
8798 2911
8799 2911
8800 2912
8801 2913
8802 2913
8803 2914
8804 2914
8805 2914
8806 2916
8807 2916
8808 2917
8809 2919
8810 2921
8811 2922
8812 2922
8813 2927
8814 2927
8815 2927
8816 2928
8817 2928
8818 2929
8819 2931
8820 2933
8821 2934
8822 2935
8823 2938
8824 2939
8825 2941
8826 2942
8827 2944
8828 2945
8829 2945
8830 2948
8831 2948
8832 2948
8833 2949
8834 2949
8835 2950
8836 2952
8837 2955
8838 2956
8839 2956
8840 2957
8841 2958
8842 2958
8843 2958
8844 2959
8845 2959
8846 2960
8847 2962
8848 2962
8849 2963
8849 3016
8850 2963
8851 2964
8852 2964
8853 2964
8854 2965
8855 2965
8856 2966
8857 2966
8858 2967
8859 2967
8860 2967
8861 2967
8862 2967
8863 2967
8864 2967
8865 2967
8866 2968
8867 2968
8868 2974
8869 2976
8870 2978
8871 2979
8872 2980
8872 2981
8873 2982
8874 2985
8875 2985
8876 2986
8877 2986
8878 2987
8879 2988
8880 2990
8881 2990
8882 2991
8883 2991
8884 2992
8885 2993
8886 2994
8887 2994
8888 2995
8889 2997
8890 2997
8891 2998
8892 2998
8893 2998
8893 3023
8894 2998
8895 3002
8896 3002
8897 3005
8898 3005
8899 3006
8900 3006
8901 3006
8902 3006
8903 3006
8904 3006
8905 3007
8906 3009
8907 3009
8908 3010
8909 3011
8910 3012
8911 3012
8912 3013
8913 3014
8914 3014
8915 3014
8916 3015
8917 3015
8918 3015
8919 3016
8920 3016
8921 3017
8922 3017
8923 3017
8924 3018
8925 3018
8926 3018
8927 3018
8928 3022
8929 3022
8930 3022
8931 3023
8932 3023
8933 3024
8934 3024
8935 3024
8936 3024
